   1 12 13 14 15 16 16 16 16 16 16 16 16
   2  8  9 10 11 12 12 12 12 12 12 12 12
   3  9 10 11 12 12 12 12 13 13 13 13 14
   4  8  9 10 11 12 13 14 15 16 16 16 16
   5 13 13 14 14 15 15 15 15 15 15 15 15
   6 11 11 12 12 12 12 12 12 12 12 12 12
   7 10 11 12 13 14 14 14 14 15 16 16 16
   8 13 13 13 13 13 13 13 13 13 13 13 13
   9 12 12 12 12 12 12 12 12 12 12 12 12
  10 12 12 13 13 13 13 13 13 13 13 13 13
  11 10 11 12 12 12 12 12 13 15 15 15 15
  12  8  9 10 11 12 12 12 12 12 12 12 12
  13 12 12 12 12 12 12 12 12 12 12 12 12
  14 12 12 12 12 12 12 12 12 12 12 12 12
  15 14 14 14 14 14 14 14 14 14 14 14 14
  16 10 11 12 12 12 12 12 12 12 12 12 12
  17 12 13 14 15 16 16 16 16 16 16 16 16
  18 11 12 12 12 12 12 12 13 13 13 13 13
  19  8  9 10 11 12 13 14 15 15 15 15 15
  20  8  9 10 12 12 13 15 15 15 16 16 16
  21 12 13 14 15 16 17 18 18 18 18 18 18
  22 11 12 13 14 15 16 16 16 16 16 16 16
  23 10 11 12 12 13 14 14 15 16 16 16 16
  24 14 15 16 16 16 17 18 19 20 20 20 20
  25 10 11 12 13 14 15 16 16 16 16 16 16
  26 10 11 12 12 12 12 12 12 12 12 12 12
  27 13 14 14 14 14 14 14 14 14 14 14 14
  28 10 10 10 10 10 10 10 10 10 10 10 10
  29 11 12 13 14 15 15 16 16 16 16 16 16
  30  9 10 11 12 12 13 14 15 15 15 15 15
  31 10 11 11 11 11 11 11 11 11 11 11 11
  32  8  9 10 11 12 12 12 12 12 12 12 12
  33  9 10 11 12 12 12 12 12 12 12 12 12
  34  9  9  9  9  9  9  9  9  9  9  9  9
  35 10 11 12 13 14 16 16 16 16 16 16 16
  36 10 11 12 12 12 12 12 12 12 12 13 13
  37  9  9  9  9  9  9  9  9  9  9  9  9
  38 11 11 11 12 12 12 12 12 12 12 12 12
  39  8  9 10 11 12 12 12 12 12 12 12 12
  40  7  8  9 10 11 12 13 14 15 15 15 15
  41  9 10 11 12 13 14 15 16 16 17 18 19
  42  8  9 10 11 12 13 13 14 14 16 16 16
  43  8  9 10 11 12 13 14 15 16 16 17 18
  44  9 10 11 12 13 14 14 15 16 18 18 18
  45 12 12 12 12 12 12 12 12 12 12 12 12
  46 12 12 12 12 12 12 12 12 12 13 14 14
  47  8  9  9  9  9  9  9  9  9  9  9  9
  48 10 11 11 13 14 15 16 16 16 16 16 16
  49  7  8  9 10 11 12 12 12 15 15 15 15
  50 11 12 12 13 14 14 14 14 14 14 14 14
  51  8  9 10 11 12 12 12 12 12 12 12 12
  52  9 10 11 12 13 14 15 15 15 15 15 15
  53  7  8  9  9  9  9  9  9  9  9  9  9
  54 12 12 12 12 12 12 12 12 12 12 12 12
  55  8  9 10 11 12 13 14 15 16 17 17 17
  56 13 13 14 15 16 16 16 17 19 19 19 19
  57  8  8  8  8  8  8  8  8  8  8  8  8
  58  8  9 10 11 11 11 11 11 11 11 11 11
  59  8  9 10 11 12 12 12 12 12 12 12 12
  60 12 12 12 12 12 12 12 12 12 12 12 12
  61 11 12 13 14 14 14 14 14 14 14 14 14
  62 10 11 12 12 12 12 12 12 12 12 12 12
  63 12 12 12 12 12 12 12 12 12 12 12 12
  64 12 12 12 12 12 12 12 12 12 12 12 12
  65 12 12 12 12 12 12 12 12 13 13 13 13
  66 10 11 12 12 12 12 12 12 12 12 12 12
  67 11 12 13 14 15 16 16 16 18 18 18 18
  68  9 10 10 10 10 10 10 10 10 10 10 10
  69 12 12 12 12 12 12 12 12 12 12 12 12
  70 12 12 12 12 12 12 12 12 12 12 12 12
  71  9 10 11 11 11 11 11 11 11 11 11 11
  72  9 10 11 12 12 12 12 12 12 12 12 12
  73  9  9  9  9  9  9  9  9  9  9  9  9
  74  8  9 10 11 12 13 14 15 15 15 15 15
  75  9 10 11 12 13 14 15 16 16 16 16 16
  76 10 11 12 13 14 15 16 16 16 16 16 16
  77 12 13 13 13 13 13 13 13 13 13 13 13
  78 10 11 12 13 14 14 15 17 17 17 17 17
  79 10 11 11 11 11 11 11 11 11 11 11 11
  80 10 11 12 13 14 14 15 15 16 16 16 16
  81 11 12 13 14 15 15 15 15 15 15 15 15
  82 11 11 11 11 11 11 11 11 11 11 11 11
  83 10 10 10 10 10 10 10 10 12 13 13 14
  84 10 11 12 12 12 12 12 12 12 12 12 12
  85 11 12 12 12 12 12 12 12 12 12 12 12
  86 11 12 12 12 12 12 12 12 12 12 12 12
  87  8  9  9  9  9  9  9  9  9  9  9  9
  88  7  8  9 10 11 12 12 12 12 13 13 13
  89 11 11 11 11 11 11 11 11 11 11 11 11
  90 15 15 16 16 16 16 17 18 19 19 19 19
  91 13 14 15 16 16 16 16 16 16 17 18 18
  92 11 12 12 12 12 12 12 12 12 12 12 12
  93  9 10 11 12 12 12 12 12 12 12 12 12
  94 11 12 12 12 12 12 12 12 12 12 12 12
  95  9 10 11 12 12 12 12 12 12 12 12 12
  96 11 12 13 14 14 14 14 14 14 14 14 14
  97  8  9 10 11 12 13 14 15 16 16 16 16
  98  7  8  9 10 11 12 12 12 12 12 12 12
  99 11 12 12 12 12 12 12 12 12 12 12 12
 100  8  9 10 11 12 12 12 12 12 12 12 12
 101 11 11 11 11 11 11 11 11 11 11 11 11
 102 13 14 15 16 16 16 16 16 16 16 16 16
 103 12 13 14 15 16 16 16 16 16 16 16 16
 104 11 12 13 14 15 16 16 16 16 16 16 16
 105 10 11 11 11 11 11 11 11 11 11 11 11
 106  9 10 11 12 12 12 12 12 12 12 12 12
 107 10 11 12 12 12 12 12 12 12 12 12 12
 108  9 10 11 12 12 12 12 12 12 12 12 12
 109 11 12 13 14 14 14 14 14 14 14 14 14
 110  8  9 10 11 12 12 13 13 13 13 13 13
 111  9 10 11 12 12 12 12 12 12 12 12 12
 112  9 10 11 12 12 12 13 13 13 13 13 13
 113  8  9  9  9  9  9  9  9  9  9 10 10
 114  8  9 10 10 11 11 11 11 11 11 11 11
 115 10 11 11 11 11 11 11 11 11 11 11 11
 116 11 12 13 14 15 16 16 16 16 16 16 16
 117  8  9 10 11 12 13 14 15 16 16 16 16
 118 10 11 12 13 14 15 16 17 17 20 20 20
 119 12 13 13 13 13 13 13 13 13 14 14 14
 120 12 13 13 13 13 13 13 13 13 13 13 13
 121 11 11 11 11 11 11 11 11 11 11 11 11
 122 12 12 12 12 12 12 12 12 12 12 12 12
 123 11 12 13 14 14 15 15 16 16 16 16 16
 124  9 10 11 12 12 12 12 12 12 12 12 12
 125  8  9 10 11 12 13 13 13 13 13 13 13
 126 12 12 12 12 12 12 12 12 12 12 12 12
 127  8  9 10 11 11 11 11 11 11 11 11 11
 128 11 11 12 12 12 12 12 12 12 12 12 12
 129  8  9  9 11 11 11 11 11 11 11 11 11
 130 11 11 11 11 11 11 11 11 11 11 11 11
 131  8  9 10 11 12 13 13 13 13 13 13 13
 132 11 12 12 12 12 12 12 12 12 12 12 13
 133  9 10 11 12 12 12 12 12 12 12 12 12
 134 10 11 11 11 11 11 11 11 11 11 11 11
 135 11 12 13 14 15 16 16 16 16 16 16 16
 136 12 12 12 12 12 12 12 12 12 12 12 12
 137 12 13 14 15 16 17 18 18 18 18 18 18
 138 12 12 12 12 12 12 12 12 12 12 12 12
 139 10 11 12 13 14 15 15 15 16 16 16 16
 140 11 12 12 12 12 12 12 12 12 12 12 12
 141  9  9 10 11 12 13 13 14 14 14 14 14
 142 11 12 12 12 12 12 12 12 12 12 12 12
 143  9 10 11 12 12 12 12 12 12 12 12 12
 144  9 10 11 12 13 14 15 15 16 18 18 18
 145  9  9  9  9  9  9  9  9  9  9  9  9
 146  8  9  9  9  9  9  9  9  9  9  9  9
 147 10 11 12 12 12 13 14 14 14 14 14 14
 148 10 10 10 10 10 10 10 10 10 10 10 10
 149 11 12 12 12 12 12 12 12 12 12 12 12
 150  8  9 10 10 11 11 11 11 11 11 11 11
 151  9 10 11 12 12 12 12 12 12 12 12 12
 152 12 12 12 12 12 12 12 12 12 12 12 12
 153 11 11 11 11 11 11 11 11 11 11 11 11
 154  9 10 11 12 13 14 15 16 16 16 16 16
 155  7  7  8  9 10 11 11 11 11 11 11 11
 156  9 10 11 12 12 12 12 12 12 12 12 12
 157  9 10 11 12 13 14 15 16 16 16 16 16
 158 12 12 12 12 12 12 12 12 12 12 12 12
 159  9  9  9  9  9  9  9  9  9  9  9  9
 160 11 12 12 12 12 12 12 12 12 12 12 12
 161 11 12 12 12 12 12 12 12 12 12 12 13
 162 11 12 13 14 15 15 16 16 16 17 17 17
 163 10 12 12 13 14 14 15 16 16 16 16 16
 164  8  9 10 11 12 13 14 14 15 16 16 16
 165 12 12 12 12 12 12 12 12 12 12 12 12
 166  8  9 10 11 12 12 12 12 12 12 12 12
 167 11 11 12 13 13 13 13 13 13 13 13 13
 168  9 10 11 12 12 12 12 12 12 13 13 13
 169 12 13 14 15 16 16 16 16 16 16 16 16
 170 10 11 12 12 12 12 12 12 12 12 12 12
 171  8  9 10 11 11 11 11 11 11 11 11 11
 172  9 10 11 12 12 12 12 12 12 12 12 12
 173 11 12 12 12 12 12 12 12 12 12 12 12
 174 10 11 12 13 14 14 15 16 16 16 16 16
 175  8  9 10 11 12 13 13 13 14 15 15 16
 176 12 13 14 15 16 16 16 16 16 16 16 16
 177  9 10 11 12 12 12 12 12 12 12 12 12
 178 12 12 12 12 12 12 12 12 12 12 12 12
 179 12 12 12 12 12 12 12 12 12 12 12 12
 180 11 12 12 12 12 12 12 12 12 12 12 12
 181 10 11 12 12 12 12 12 12 12 12 12 12
 182 10 11 12 12 14 15 16 17 18 18 18 18
 183  8  9 10 11 12 12 12 12 12 12 12 12
 184  8  9 10 10 10 10 10 10 10 10 10 10
 185 10 11 12 14 15 15 16 16 16 17 18 18
 186  9 10 11 12 13 14 15 15 16 16 16 17
 187 12 13 14 15 16 16 16 16 16 16 16 16
 188 10 11 12 13 14 15 16 16 16 16 16 16
 189 12 12 12 12 12 12 12 12 12 12 12 12
 190 13 14 15 15 16 16 17 19 19 19 19 19
 191 12 12 12 12 12 12 12 12 12 12 12 12
 192  9 10 11 12 13 14 15 15 17 17 17 17
 193 12 13 14 15 16 16 16 16 16 16 16 19
 194 10 11 12 13 14 15 16 16 16 16 16 16
 195 10 10 10 10 10 10 10 10 10 10 10 10
 196 10 11 12 13 14 15 16 16 16 16 16 16
 197  8  9 10 11 12 12 12 12 12 12 12 12
 198 12 12 12 12 12 12 12 12 12 12 12 12
 199 11 12 13 14 15 16 16 16 16 16 16 16
 200  8  9 10 11 12 12 12 12 12 12 12 12
 201 10 11 12 12 12 13 14 14 14 14 14 14
 202  9 10 11 12 12 12 12 12 12 12 12 12
 203 13 13 13 13 13 13 13 13 13 13 13 13
 204 14 15 16 16 16 16 16 16 16 16 16 16
 205 10 11 12 13 14 15 16 16 16 16 16 16
 206 10 11 12 12 12 12 12 12 12 12 12 12
 207  9 10 11 12 12 12 12 12 12 12 12 12
 208 12 12 12 12 12 12 12 12 12 12 12 12
 209  9 10 11 12 13 13 13 13 13 13 13 13
 210 10 11 12 12 12 12 12 12 12 12 12 12
 211 11 12 13 14 15 15 15 15 15 15 15 15
 212 10 11 12 13 14 15 16 16 16 16 16 16
 213 11 12 12 12 12 12 12 12 12 12 12 12
 214 12 12 12 12 12 12 12 12 12 12 12 12
 215 10 11 12 12 12 12 12 12 12 12 12 12
 216 13 14 15 16 16 16 16 16 16 16 16 16
 217 12 12 12 12 12 13 13 14 14 14 14 14
 218 12 12 12 12 12 12 12 12 12 12 12 12
 219  8  9 10 10 10 10 10 10 10 10 10 10
 220 11 12 12 12 12 13 13 13 13 14 14 14
 221 11 12 12 12 12 12 12 12 12 12 12 12
 222  8  9 10 10 11 12 12 12 12 12 12 12
 223  8  9 10 11 12 13 14 15 16 16 16 16
 224  8  9 10 11 12 13 15 15 16 16 16 16
 225  9 10 11 12 12 12 12 12 12 12 12 12
 226  8  9 10 11 12 12 12 12 13 13 14 14
 227  9 10 10 10 10 10 10 10 10 10 10 12
 228  8  9  9  9  9  9  9  9  9  9  9 12
 229  7  8  9 10 11 12 12 12 12 12 12 12
 230  9 10 11 12 13 14 15 15 16 16 17 20
 231 11 12 13 14 15 16 18 18 18 18 18 18
 232 10 11 12 13 14 15 16 17 18 18 18 18
 233  9 10 11 12 13 14 15 16 16 16 16 16
 234 12 12 12 12 12 12 12 12 12 12 12 12
 235 10 11 12 12 13 13 14 14 14 14 14 14
 236 12 12 12 12 12 12 12 12 12 12 12 12
 237  8  8  8  8  8  8  8  8  8  8  8  8
 238  9 10 11 12 12 12 12 12 12 12 12 12
 239 14 15 16 16 17 18 19 19 19 19 19 19
 240 10 11 12 12 12 12 13 14 14 14 14 14
 241  9 10 11 11 11 11 11 11 11 11 11 11
 242 11 11 11 11 11 12 13 14 15 16 16 16
 243 11 13 13 13 14 14 14 14 14 14 14 14
 244 11 11 12 13 14 15 16 16 16 16 16 16
 245 12 12 12 12 12 12 12 12 12 12 12 12
 246  8  9 10 11 12 13 14 15 16 16 16 16
 247 12 13 14 15 16 18 18 18 18 18 18 18
 248 12 12 14 15 16 16 16 16 16 17 18 20
 249 10 11 12 13 14 15 15 15 15 15 15 15
 250  8  9 10 12 12 12 12 12 12 12 12 12
 251 10 11 12 12 12 12 12 12 12 12 12 12
 252 11 11 11 11 11 11 11 11 11 11 11 11
 253  8  9  9  9 10 10 10 10 10 10 10 10
 254 12 12 12 12 12 12 12 12 12 12 12 12
 255 10 11 11 11 11 11 11 11 13 13 13 13
 256  9  9  9  9  9  9  9  9  9  9  9  9
 257 12 12 12 12 12 12 12 12 12 12 12 12
 258  8  9 10 11 12 13 13 14 14 15 15 15
 259  8  9 10 11 12 12 12 12 12 12 12 12
 260 10 10 10 10 10 10 10 10 10 10 10 10
 261 14 15 15 16 16 16 16 16 16 16 16 16
 262 11 12 12 12 12 12 12 12 12 12 12 12
 263  7  8  9 10 11 12 12 12 12 12 12 12
 264  9 10 11 12 12 12 12 12 12 12 12 12
 265 12 12 13 14 14 14 14 14 14 14 14 14
 266 12 13 14 15 15 15 15 15 15 15 15 16
 267 11 12 13 14 15 16 16 16 16 16 16 16
 268 12 12 12 12 12 12 12 12 12 12 12 12
 269  8  9 10 11 11 11 11 11 11 11 11 11
 270  7  8  9  9  9  9  9  9  9  9  9  9
 271  8  8  8  8  8  8  8  8  8  8  8  8
 272  9 10 11 12 12 12 12 12 12 12 12 12
 273 10 11 12 13 14 15 15 15 16 16 16 16
 274  9 10 11 11 11 11 11 11 11 11 11 11
 275 10 11 11 11 11 11 11 11 11 11 11 11
 276  8  8  8  8  8  8  8  8  8  8  8  8
 277 13 13 14 15 15 15 15 16 16 16 16 16
 278 11 12 13 14 15 16 17 17 17 18 18 18
 279  9 10 11 12 13 14 15 16 17 17 17 17
 280  8  9 10 11 12 13 14 15 16 18 19 20
 281  8  9 10 11 11 12 13 13 14 14 14 14
 282 14 14 15 17 17 17 17 17 17 17 17 17
 283 10 11 12 12 12 12 12 12 12 12 12 12
 284 10 11 12 12 12 12 12 12 12 12 12 12
 285 10 10 10 10 10 10 10 10 10 10 10 10
 286  9 10 10 10 10 10 10 10 10 10 10 10
 287 11 11 11 11 11 11 11 11 11 11 11 11
 288  9 10 11 12 12 12 12 12 12 12 12 12
 289 10 11 12 12 12 12 12 12 12 12 12 12
 290 11 11 12 12 12 12 12 12 12 12 12 12
 291  9 10 11 12 13 14 15 16 16 17 18 18
 292 10 11 12 13 14 15 16 16 16 16 16 16
 293 11 11 11 12 12 12 12 12 12 12 12 12
 294  9 10 11 11 11 11 11 11 11 11 11 11
 295  9 10 11 12 12 12 12 12 12 12 12 12
 296 10 11 11 11 11 11 11 11 11 11 11 11
 297  9 10 11 12 12 12 12 12 12 12 12 12
 298  9 10 10 10 10 10 10 10 10 10 10 10
 299 10 11 12 12 12 12 12 12 12 12 12 12
 300 10 11 12 12 12 12 12 13 14 14 14 14
 301  8  9 10 11 12 12 12 12 12 12 12 12
 302 14 15 16 16 16 16 16 16 16 16 16 17
 303  8  9  9 11 12 12 12 12 12 12 12 12
 304 10 11 12 12 12 12 12 12 12 12 12 12
 305  8  9 10 11 12 13 13 13 13 13 13 13
 306 11 12 12 12 12 12 12 12 12 12 12 12
 307 11 12 13 14 15 16 16 18 18 18 18 18
 308 12 12 13 14 14 15 16 16 16 16 16 16
 309  9 10 11 12 13 14 15 15 16 16 16 16
 310  7  8  9 10 10 10 10 10 10 10 10 10
 311  8  9 10 11 12 13 14 15 15 15 15 15
 312 10 11 12 12 12 12 12 12 12 13 13 13
 313  9 10 11 12 13 14 15 16 18 18 18 18
 314  9 10 11 12 12 12 12 12 12 12 12 12
 315  9 10 11 12 12 12 12 12 12 12 12 12
 316 10 11 12 12 12 12 12 12 12 12 12 12
 317  8  9 10 11 12 13 13 14 14 14 14 14
 318  8  9 10 10 11 11 11 11 11 11 11 11
 319  9 10 11 12 13 14 15 16 16 16 16 16
 320 10 10 13 13 13 13 14 14 14 14 14 14
 321 12 12 12 12 12 12 12 12 12 12 12 12
 322  9 10 12 12 12 12 12 12 12 12 12 12
 323  9 10 10 10 10 10 10 10 10 10 10 10
 324 10 10 10 12 12 12 12 12 12 12 12 12
 325 10 11 12 12 12 12 12 12 12 12 12 12
 326  7  7  8 11 11 11 11 11 11 11 11 11
 327 10 11 12 12 13 14 14 14 14 14 14 14
 328  9 10 10 10 10 10 10 10 10 10 11 11
 329 12 12 13 13 14 15 15 15 15 15 15 15
 330  8  9 10 11 12 12 12 12 12 12 12 12
 331 11 12 12 12 12 12 12 12 12 12 12 12
 332 11 12 13 13 13 13 13 13 13 13 13 13
 333 11 12 12 12 12 12 12 12 12 12 12 12
 334  8  9 10 11 12 12 12 12 12 12 12 12
 335 12 12 12 12 12 13 13 13 13 13 13 13
 336  9 10 11 12 13 13 13 13 13 13 13 13
 337 12 12 12 12 12 12 12 12 12 12 12 12
 338 10 11 12 12 12 12 12 12 12 12 12 12
 339  8  9 10 12 12 12 12 12 12 12 12 12
 340  9  9 10 11 12 12 12 12 12 12 12 12
 341 11 12 13 14 15 16 16 16 16 16 16 16
 342 11 12 12 12 12 12 12 12 12 12 12 12
 343 12 12 12 12 12 12 12 12 12 12 12 12
 344  8  9 10 11 12 12 12 12 12 12 12 12
 345 11 12 12 12 12 12 12 12 12 12 12 12
 346  9 10 11 12 12 13 13 13 13 13 13 13
 347  8  9 10 11 12 12 12 12 12 12 12 12
 348 12 12 12 12 12 12 12 12 12 12 12 12
 349  9 10 11 12 13 14 14 14 14 14 14 14
 350 12 12 12 12 12 12 12 12 12 12 12 12
 351 12 12 12 12 12 12 12 12 12 12 12 12
 352 11 12 12 12 12 12 12 12 12 12 12 12
 353  9 10 11 12 13 13 13 14 15 16 16 16
 354 10 11 12 12 12 12 12 12 12 12 12 12
 355 12 12 12 12 12 12 12 12 12 12 12 12
 356  9 10 11 12 13 14 14 14 14 14 14 14
 357  7  8  9 10 11 12 13 13 14 14 14 14
 358  9 10 11 12 12 12 12 12 12 12 12 12
 359 11 12 12 12 12 12 12 12 12 12 12 12
 360 11 12 13 14 15 16 16 16 16 16 16 16
 361 12 13 14 14 14 14 14 14 14 14 14 14
 362 11 12 13 14 14 14 14 14 14 14 14 14
 363  8  9 10 11 12 13 14 15 16 17 17 17
 364 10 11 12 13 14 14 14 14 14 14 14 14
 365 12 12 12 12 12 12 12 13 13 15 15 15
 366 11 11 11 11 11 11 11 11 11 11 11 11
 367 11 12 12 12 12 12 12 12 12 12 12 12
 368 11 11 11 11 11 11 11 11 11 11 12 12
 369  8  9 10 11 12 12 12 12 12 12 12 12
 370  8  9 10 11 12 12 12 12 12 12 12 12
 371  9 10 11 12 12 12 12 12 12 12 12 12
 372  7  8  9 10 11 12 13 14 14 14 14 14
 373 10 10 10 10 10 10 10 10 10 10 10 10
 374 12 12 12 12 12 12 12 12 12 12 12 12
 375  9  9  9  9  9  9  9  9  9  9  9  9
 376  8  8  8 10 10 10 10 12 13 13 13 13
 377  9  9 11 12 12 12 12 12 12 12 12 12
 378  8  9 10 11 12 13 14 15 16 16 16 16
 379 10 11 12 13 14 14 14 14 14 14 14 14
 380 12 12 12 12 12 12 12 12 12 12 12 12
 381  6  6  8 11 11 11 11 11 11 11 12 12
 382 12 12 12 12 12 12 12 12 12 12 12 12
 383 11 12 12 12 12 12 14 15 15 15 16 16
 384  7  8  9 10 11 12 12 12 12 12 12 12
 385 12 13 14 15 15 15 15 15 15 15 15 15
 386 11 11 11 11 11 11 11 11 12 12 12 12
 387 14 14 16 16 17 17 17 17 17 19 20 20
 388  9 10 10 11 11 11 11 11 11 11 11 11
 389  7  8  9 10 11 12 12 12 12 12 12 12
 390  9 10 11 12 12 12 12 12 12 12 12 12
 391 10 10 10 10 11 11 11 11 11 11 11 11
 392 10 11 12 14 14 15 17 18 18 18 18 18
 393 10 11 12 13 14 14 14 14 14 14 14 14
 394  9 10 11 12 12 12 12 12 12 12 12 12
 395  7  8  9 10 11 12 12 12 12 12 12 12
 396  7  8  9 10 11 11 11 11 11 11 11 11
 397 12 12 12 12 12 12 12 12 12 12 12 12
 398 12 13 14 15 16 16 16 16 16 16 16 16
 399  8  9 10 11 12 12 12 12 12 12 12 12
 400  9 10 12 12 12 12 12 12 12 12 12 12
 401  8  9 10 11 12 13 14 15 17 17 17 17
 402  8  9 10 11 12 12 12 12 12 12 12 12
 403  7  8  9 10 11 12 12 12 12 12 12 12
 404 12 12 12 12 12 12 12 12 12 12 12 12
 405 11 11 11 11 11 11 11 11 11 11 11 11
 406  9 10 11 12 12 12 12 12 12 12 12 12
 407  8  9  9 10 10 10 10 10 10 10 10 10
 408  7  8  8  8  8  8  8  8  8  8  9  9
 409  7  8  8  8  8  8  8  8  8  8  8  8
 410 13 14 15 16 17 18 19 19 19 19 19 20
 411 12 12 12 12 12 12 12 12 12 12 12 12
 412 10 11 12 13 13 14 14 14 14 14 14 14
 413 10 11 12 12 12 12 12 12 12 12 12 12
 414  9 10 11 12 13 14 15 15 16 16 17 17
 415  8  9 10 11 12 13 13 15 15 16 17 17
 416  9 10 11 12 13 14 15 17 17 19 19 19
 417 11 12 12 12 12 12 12 12 12 12 12 12
 418  8  8  8  8  8  8  8  8  8  8  8  8
 419 10 11 12 12 12 12 12 12 12 12 12 12
 420 11 12 12 14 14 14 14 14 14 14 14 14
 421  9 10 11 12 13 13 13 13 13 13 13 13
 422 12 12 12 12 12 12 12 12 12 12 12 12
 423 12 13 14 15 16 16 16 16 16 16 16 16
 424  9 10 11 12 13 13 13 14 14 14 14 14
 425 12 12 12 12 12 12 12 12 12 12 12 12
 426  8  9  9  9  9  9  9  9  9  9 13 13
 427 10 11 12 12 12 12 12 12 12 12 12 12
 428 11 11 11 11 11 11 11 11 11 11 11 11
 429 10 11 12 13 13 13 13 13 13 13 13 13
 430  8  9 10 11 12 12 12 12 12 12 12 12
 431  8  9  9  9  9  9  9  9  9  9  9  9
 432 12 12 12 12 12 12 12 12 12 12 12 12
 433  9 10 11 12 13 14 14 15 15 16 16 16
 434  9 10 10 12 12 12 12 13 14 14 14 14
 435 12 12 12 12 12 12 12 12 12 12 12 12
 436  8  9 10 11 12 13 14 15 16 16 16 16
 437  9 10 11 12 12 12 12 12 12 12 12 12
 438 10 11 12 12 12 12 12 12 12 12 12 12
 439  9 10 11 12 13 14 15 16 16 16 16 16
 440 12 12 12 12 12 12 12 12 12 12 12 12
 441 10 11 12 12 12 12 12 12 12 12 12 12
 442  6  6  6  6  6  6  6  7  7  7  7 10
 443  8  9 10 11 12 13 14 15 16 16 16 16
 444 14 15 16 16 16 16 16 16 16 16 16 16
 445 11 12 13 14 15 16 17 17 17 17 17 17
 446  9  9  9  9  9  9  9  9  9  9  9  9
 447  8  9 10 11 11 11 11 11 11 11 11 11
 448 13 14 14 14 14 14 14 14 14 14 14 14
 449  9  9  9  9  9  9  9  9  9  9 12 12
 450  9  9  9  9  9  9  9  9  9 12 12 12
 451  8  9 10 11 11 11 11 12 12 12 13 14
 452  9  9  9  9  9  9  9  9  9 12 12 12
 453 10 11 12 12 12 12 12 12 12 12 12 12
 454 14 14 14 14 14 14 14 16 16 16 16 16
 455 10 10 10 10 10 10 10 10 10 10 10 10
 456 11 12 13 13 13 13 13 13 13 14 14 14
 457 10 11 12 12 13 13 13 13 14 14 14 14
 458 10 10 10 10 10 10 10 10 10 10 10 10
 459  9 10 11 12 12 12 12 12 12 12 13 14
 460  8  9 10 11 12 12 12 12 12 12 12 12
 461 11 11 13 13 13 13 13 13 13 13 13 13
 462 10 11 11 11 11 11 11 12 12 12 12 12
 463 12 12 12 12 12 12 12 12 12 12 12 12
 464 11 12 12 12 12 14 14 14 14 14 14 14
 465  9  9 10 10 10 10 10 10 10 10 10 10
 466 11 12 12 12 12 12 12 12 12 12 12 12
 467  8  9 10 11 12 12 12 12 12 12 12 12
 468 12 13 14 15 16 17 18 19 20 20 20 20
 469 10 11 12 13 14 16 16 16 16 16 16 16
 470 10 11 12 13 14 15 16 16 17 17 17 17
 471  9 10 11 12 12 12 12 12 12 12 12 12
 472  9 10 11 11 11 11 11 11 11 11 11 12
 473 12 12 12 12 12 12 12 12 12 12 12 12
 474 10 11 11 11 11 11 11 11 11 11 11 11
 475 12 13 13 13 13 13 13 13 13 13 13 13
 476  9 10 11 12 13 14 15 16 17 19 19 19
 477 10 10 10 10 10 10 10 10 10 10 10 10
 478  9 10 11 12 13 14 15 16 16 16 16 16
 479 10 11 12 12 12 12 12 12 12 12 12 12
 480  9 11 11 12 12 12 12 12 12 12 12 12
 481  7  8  9 10 11 11 11 11 11 11 11 11
 482  8  9 10 11 12 13 14 15 15 15 15 15
 483 10 11 12 12 12 12 12 12 12 12 12 12
 484 13 13 13 13 13 13 13 13 13 13 13 13
 485  8  9 10 11 12 12 12 12 12 12 12 12
 486 10 11 12 12 12 12 12 12 12 12 12 12
 487  8  9 10 11 12 12 12 12 12 12 12 12
 488 12 13 14 15 16 16 16 16 16 16 16 16
 489 12 12 12 12 12 12 12 12 12 12 12 12
 490 12 12 12 12 12 12 12 12 12 12 12 12
 491 10 11 12 12 12 12 12 12 12 12 12 12
 492 11 12 12 12 12 12 12 12 12 12 12 12
 493 11 12 12 12 12 12 12 12 12 12 13 13
 494  8  9 10 12 12 12 12 12 12 12 12 12
 495 11 12 12 12 12 12 12 12 12 12 12 12
 496 11 12 12 12 12 12 12 12 12 12 12 12
 497 11 11 11 11 11 11 11 11 11 11 11 11
 498  8  9 10 11 12 13 14 15 16 16 16 16
 499 12 12 12 12 12 12 12 12 12 12 12 12
 500  8  9 10 11 12 12 12 12 12 12 12 12
 501 10 11 12 13 14 16 16 16 16 16 16 16
 502 10 11 12 12 12 12 12 12 12 12 12 12
 503 11 12 12 12 12 12 12 12 12 12 12 12
 504 10 11 12 12 12 12 12 12 12 12 12 12
 505 10 10 10 10 10 10 10 10 10 10 10 10
 506  9 10 11 12 12 12 12 12 12 12 12 12
 507  7  8  8  8  8  8  8  8  8  8  8  8
 508 12 12 12 12 12 12 12 12 12 12 12 12
 509  7  7  7  7  7  7  7  7  7  7  7  7
 510  8  9 10 11 12 13 15 15 16 18 20 20
 511 10 11 11 11 11 11 11 11 11 11 11 11
 512  8  9 10 10 10 10 10 10 10 10 10 10
 513  8  9 10 11 12 12 12 12 12 12 12 12
 514 10 11 12 12 12 12 12 12 12 12 12 12
 515 10 11 12 13 14 15 16 16 16 16 16 16
 516  8  9  9 10 10 10 10 10 10 10 10 10
 517 11 12 12 12 12 12 12 12 12 12 12 12
 518 13 14 14 14 14 14 14 14 14 14 14 14
 519  8  8  8  9  9  9  9  9  9  9  9  9
 520 12 12 12 12 12 12 12 12 12 12 13 14
 521  8  9 10 11 12 13 14 15 16 16 16 17
 522 10 11 12 13 14 14 15 16 16 16 16 16
 523 12 13 14 16 16 16 16 16 16 16 16 16
 524 10 11 12 13 14 14 14 14 15 15 15 15
 525 13 13 13 13 13 13 13 13 13 13 14 14
 526 13 15 16 17 18 18 18 19 20 20 20 20
 527 11 12 13 14 15 16 16 16 16 16 16 16
 528  9 10 11 13 13 15 15 16 16 16 16 16
 529  8  9 10 11 12 13 14 14 14 14 14 14
 530  9 10 11 12 12 12 12 12 12 12 12 12
 531 12 12 12 12 12 12 12 12 12 12 12 12
 532  9  9  9  9  9  9  9  9  9  9  9  9
 533  8  9 10 11 11 11 11 11 11 11 11 11
 534  9 10 11 12 12 13 13 14 14 14 14 14
 535  9  9  9  9  9  9  9  9  9  9 12 13
 536  8  9 10 11 12 12 12 12 12 14 14 14
 537 10 11 12 13 14 14 14 14 14 14 14 14
 538 11 12 12 12 12 12 12 12 12 12 12 12
 539  7  8  9 10 11 12 12 12 12 12 12 12
 540 10 11 12 12 12 12 12 12 12 12 12 12
 541  9 10 11 12 12 12 12 12 12 12 12 12
 542 11 12 13 14 15 15 15 16 16 16 16 16
 543  9 10 11 12 12 12 12 12 12 12 12 12
 544 12 12 12 12 12 12 12 12 12 12 12 12
 545  9 10 10 10 10 10 10 10 10 10 10 10
 546  8 10 11 11 11 11 11 11 11 11 11 11
 547  9 10 11 11 11 11 11 11 11 11 11 11
 548 10 11 12 12 13 13 13 13 14 15 15 15
 549 13 13 13 13 13 13 13 13 13 13 13 13
 550 12 13 14 15 16 16 16 16 16 16 16 16
 551  9 10 11 12 13 14 15 16 16 17 18 19
 552  9 10 11 12 13 14 15 17 18 18 18 18
 553 10 12 12 12 12 12 12 12 12 12 12 12
 554  9 10 11 12 12 12 12 12 12 12 12 12
 555  9 10 11 12 13 14 15 16 16 16 16 16
 556  9 10 11 12 13 14 15 16 16 17 17 17
 557  9  9  9  9 12 13 13 13 13 13 13 13
 558 10 11 12 12 13 13 14 15 15 15 15 15
 559  8  9 10 11 12 13 14 14 15 16 16 16
 560 11 11 11 11 11 11 11 11 11 11 11 11
 561  7  8  9 10 10 11 12 13 15 16 16 16
 562 11 12 13 14 15 16 16 16 16 17 18 18
 563 13 14 15 16 16 16 16 16 16 16 16 16
 564 10 11 12 13 14 15 16 16 16 16 16 16
 565 11 12 13 14 15 16 16 16 16 16 16 16
 566 10 11 12 13 14 15 16 16 16 16 16 16
 567 11 11 11 11 11 11 11 11 11 11 11 11
 568  8  9 10 11 12 12 12 12 12 12 12 12
 569 11 11 11 11 11 11 11 11 11 11 11 11
 570 10 11 12 12 12 12 13 13 14 14 14 14
 571  8  9 10 11 12 13 14 15 17 18 19 20
 572 10 11 12 12 12 12 12 12 12 13 13 13
 573  9 10 10 10 10 10 10 10 10 10 10 10
 574  7  8  9 10 11 12 12 13 13 13 13 13
 575 10 11 12 13 14 14 15 15 16 16 16 16
 576 11 12 13 14 15 16 16 16 16 16 16 16
 577 10 11 12 13 14 14 14 14 14 14 14 14
 578 10 11 12 12 12 12 12 12 12 12 12 12
 579  8  9 10 10 10 10 10 10 10 10 10 10
 580 10 11 12 13 14 14 14 14 14 14 14 14
 581  9 10 11 11 11 11 11 11 11 11 11 11
 582 10 11 11 11 11 11 11 11 11 11 11 11
 583 10 11 12 13 14 15 16 16 16 16 16 16
 584 11 12 13 14 15 16 16 16 16 16 16 16
 585  8  9 10 11 12 13 14 14 14 16 16 16
 586 12 13 14 15 16 17 18 18 18 18 18 18
 587 13 14 15 16 16 16 16 16 16 16 16 16
 588 12 12 12 13 13 13 14 14 14 14 14 14
 589 12 12 12 12 12 12 12 12 12 12 12 12
 590 12 12 12 12 13 13 13 13 13 13 13 13
 591 11 12 13 14 15 16 16 16 16 16 16 16
 592 11 12 13 14 15 16 16 16 16 17 17 17
 593  9 10 11 12 12 12 12 12 12 13 13 13
 594 11 12 13 13 13 13 13 13 13 13 13 13
 595 12 12 12 12 12 12 12 12 12 12 12 12
 596 12 12 12 12 12 12 12 12 12 12 12 12
 597 12 12 12 12 12 12 12 12 12 12 12 12
 598  9 10 11 12 12 12 12 12 12 12 12 12
 599 10 11 12 12 12 12 12 12 12 12 12 12
 600  7  8  9 10 11 12 12 12 12 12 12 12
 601 14 14 14 14 14 14 14 14 14 14 14 14
 602 12 13 14 15 16 16 16 16 16 16 16 16
 603  8  9 10 11 12 13 14 15 16 16 16 16
 604 10 10 11 12 12 12 12 12 12 12 12 12
 605 11 12 12 12 12 12 12 12 12 12 12 12
 606 14 14 15 16 16 16 16 16 16 16 16 16
 607 14 15 16 16 16 16 17 18 18 18 18 18
 608 12 12 12 12 12 12 12 12 12 12 12 12
 609 13 13 13 13 13 13 13 13 13 13 13 13
 610 10 11 12 13 14 15 16 16 16 16 16 16
 611  8  9 10 11 12 13 14 15 16 16 16 17
 612 14 14 15 16 16 16 16 16 16 16 16 16
 613  9 10 11 11 11 11 11 11 11 11 11 11
 614 12 13 14 14 14 14 14 14 14 14 14 14
 615  9  9 10 11 12 13 14 15 15 15 15 15
 616 12 13 14 15 16 16 17 18 19 19 19 19
 617 10 11 12 13 14 15 15 17 18 18 18 18
 618 12 13 14 15 16 16 17 19 19 20 20 20
 619 12 13 14 15 15 16 16 16 16 16 16 16
 620 11 11 11 11 11 11 11 11 11 11 11 11
 621 12 12 12 12 12 12 12 12 12 12 12 12
 622  8  8  8  8  8  8  8  8  8  8  8  8
 623 10 11 12 12 12 12 12 12 12 12 12 12
 624 12 13 14 15 16 16 16 16 16 16 16 16
 625 11 12 13 14 14 14 14 14 14 14 14 14
 626 10 11 12 12 12 12 12 12 12 12 12 12
 627  9 10 10 10 10 10 10 10 10 10 10 10
 628 12 12 12 12 12 12 12 12 12 12 12 12
 629 11 12 13 14 15 16 16 17 17 17 18 19
 630 12 12 12 12 12 12 12 12 12 12 12 12
 631 10 11 12 12 12 12 12 12 12 12 12 12
 632 11 12 13 13 13 13 13 13 13 13 13 13
 633 12 14 14 15 16 16 17 18 19 19 20 20
 634 10 11 12 13 14 15 16 16 17 17 17 18
 635 12 13 14 15 16 16 16 16 16 16 16 16
 636  7  8  9  9  9 10 10 10 10 10 10 10
 637  9 10 10 10 10 10 10 13 13 15 15 15
 638 12 13 14 15 16 16 16 16 17 20 20 20
 639  8  8  8  8  8  8  8  8  8  8  8  8
 640  8  8  8  9  9  9  9  9  9  9  9  9
 641 11 11 11 11 11 11 11 11 11 11 11 11
 642 10 11 12 12 12 12 12 12 12 12 12 12
 643  7  9  9 10 11 12 12 12 12 12 12 13
 644 11 11 11 11 11 11 11 11 11 11 11 11
 645 12 12 12 12 12 12 12 12 12 12 12 12
 646 10 10 10 10 10 10 10 10 10 10 10 10
 647  8  9 10 11 12 12 12 12 12 12 12 12
 648 10 11 12 12 12 12 12 12 12 12 12 12
 649  9  9  9 10 10 12 13 14 14 14 14 14
 650  7  8  9 10 11 12 13 14 16 17 18 18
 651  9 10 11 12 12 12 13 14 14 16 16 16
 652 10 11 12 12 12 12 12 12 12 12 12 12
 653 12 12 12 12 12 13 13 13 13 14 14 14
 654 12 13 14 15 16 17 18 18 18 18 18 18
 655  9 10 11 12 13 14 15 16 16 16 16 16
 656 12 13 14 14 14 14 14 14 14 14 14 14
 657 10 11 12 12 12 12 12 12 12 12 12 12
 658  9 10 11 12 13 14 15 16 16 16 16 16
 659  9 10 11 12 12 12 12 12 12 12 12 12
 660 12 12 12 12 12 12 12 12 12 12 12 12
 661 10 11 12 12 12 12 12 12 12 12 12 12
 662 11 12 12 12 12 12 12 13 13 13 13 13
 663 12 12 12 12 12 12 12 12 12 12 12 12
 664 10 11 12 13 13 14 14 15 16 16 16 16
 665  8  9 10 11 12 12 12 12 13 13 13 13
 666 11 13 13 14 14 14 14 15 15 15 15 15
 667  9 10 11 11 11 11 11 11 11 11 11 11
 668 13 14 14 14 14 14 14 14 14 14 14 14
 669  8  9 10 11 12 13 13 13 13 13 13 13
 670  9 10 11 12 13 14 15 16 16 17 17 17
 671 11 11 11 11 11 11 11 11 11 11 11 11
 672  9 10 11 12 13 14 15 16 16 17 17 17
 673  8  9 10 11 12 12 12 12 12 12 12 12
 674  7  8  9 10 11 11 12 12 12 12 12 12
 675 11 12 13 14 14 14 14 14 14 14 14 14
 676 10 11 13 13 13 13 13 13 13 13 13 13
 677  9 10 11 12 13 14 14 15 16 16 16 16
 678 11 12 13 14 15 16 16 16 16 16 16 16
 679 10 11 11 11 11 11 11 11 11 11 11 11
 680  8  9 10 11 12 12 12 12 12 12 12 12
 681 10 11 12 12 12 12 12 13 13 13 13 13
 682  9 10 11 12 12 12 12 12 12 12 12 12
 683  8  9 10 11 12 13 13 13 14 14 14 14
 684 10 11 12 14 14 14 14 14 14 14 14 14
 685 11 12 12 12 12 12 12 12 12 12 12 12
 686  9 10 11 12 12 12 12 12 12 12 12 12
 687  8  9 10 11 12 12 12 12 12 12 12 12
 688 10 11 12 13 14 15 16 16 16 16 16 16
 689 14 15 15 16 16 16 16 16 16 16 16 16
 690 12 12 12 12 12 12 12 12 12 12 12 12
 691 10 11 12 13 13 13 13 13 13 13 13 13
 692  8  9 10 11 12 13 14 15 16 16 16 16
 693 13 13 13 13 13 14 14 14 14 14 14 14
 694 11 11 12 12 12 12 12 12 12 12 12 12
 695 10 11 12 12 12 12 12 12 12 12 12 12
 696 12 12 12 12 12 12 12 12 12 12 12 12
 697 12 12 12 12 12 12 12 12 12 12 12 12
 698 11 12 12 12 12 12 12 12 12 12 12 12
 699 12 12 12 12 12 12 12 12 12 12 12 12
 700  9 10 11 12 12 12 12 12 12 12 12 12
 701  9  9  9  9  9  9  9  9  9  9  9  9
 702 10 11 12 12 12 12 12 12 12 12 12 12
 703  8  9 10 11 12 12 12 12 12 12 12 12
 704 10 11 12 13 14 15 15 16 16 17 18 18
 705 11 12 13 14 15 16 16 16 16 16 16 16
 706 10 11 12 13 13 13 13 14 14 16 18 18
 707 12 12 12 12 12 12 12 12 12 12 12 12
 708 10 11 12 12 12 12 12 12 12 12 12 12
 709 11 12 12 12 12 12 12 12 12 12 12 12
 710 12 12 12 12 12 12 12 12 12 12 12 12
 711  9 10 11 12 12 12 12 12 12 12 12 12
 712 10 11 12 12 12 12 12 12 12 12 12 12
 713  9 10 11 11 12 12 12 12 12 12 12 12
 714 11 12 12 12 12 12 12 12 12 12 12 13
 715 10 11 12 12 12 12 12 12 12 12 12 12
 716 10 11 12 12 12 12 12 12 12 12 12 12
 717 10 11 12 13 13 14 15 16 16 16 16 16
 718 11 12 12 12 12 12 12 12 12 12 12 12
 719  8  9  9  9  9  9  9  9  9  9  9  9
 720  9  9 10 11 12 12 12 12 12 12 12 12
 721 10 11 12 12 14 16 16 16 16 16 19 19
 722 10 12 12 13 13 13 13 13 13 13 13 13
 723 10 11 12 13 14 15 16 16 17 17 17 17
 724 11 11 11 11 11 11 11 11 11 11 11 11
 725 11 12 12 12 12 12 12 12 12 12 12 12
 726  8  9 10 11 12 12 12 12 12 12 12 12
 727 14 14 15 15 15 15 15 15 15 15 15 15
 728 11 12 13 14 14 15 16 16 16 16 16 16
 729 10 11 12 13 14 15 16 17 18 18 18 18
 730  9  9  9  9  9  9  9  9  9  9  9  9
 731 11 11 11 11 11 11 11 11 11 11 11 11
 732 12 12 12 12 12 12 12 12 12 12 12 12
 733 12 12 12 12 12 12 12 12 12 12 12 12
 734 12 12 12 12 12 12 12 12 12 12 12 12
 735 10 12 12 12 12 12 12 12 12 12 12 12
 736 10 10 10 10 10 10 10 10 10 10 10 10
 737  8  9 10 10 10 10 10 10 11 13 13 13
 738  8  9 10 11 11 12 12 12 12 12 12 12
 739  7  8  8  8  8  8  8  8  8  8  8  8
 740 11 12 13 14 15 16 16 16 16 16 16 16
 741 12 13 14 15 15 15 16 16 16 16 16 16
 742 11 12 13 14 14 14 14 14 14 14 14 14
 743 10 10 10 10 10 10 10 10 10 10 10 10
 744 10 11 12 12 12 12 12 12 12 12 12 12
 745  8  9 10 10 10 10 10 10 10 10 10 10
 746  9 10 11 12 12 12 12 12 12 12 12 12
 747  8  9 10 11 11 11 11 11 11 11 11 11
 748  8  9 11 11 12 12 12 12 12 12 12 12
 749 10 10 10 10 10 10 10 10 10 10 10 10
 750 13 14 14 15 15 15 16 16 16 17 17 17
 751  8  9 10 11 12 12 12 13 13 13 13 13
 752 12 12 12 12 12 12 12 12 12 12 12 12
 753 11 12 12 14 14 15 15 16 16 17 17 17
 754  9 10 11 12 13 14 15 16 16 16 16 16
 755 12 12 12 12 12 12 12 12 12 12 14 15
 756  7  8  9 10 11 12 13 14 15 16 16 16
 757  8  9 10 11 12 12 12 12 12 12 12 12
 758 11 12 12 12 12 12 12 12 12 12 12 12
 759  8  9 10 11 12 12 12 12 12 12 12 12
 760  7  8  9 10 10 10 10 10 10 10 10 10
 761 10 10 10 10 12 12 12 12 12 12 12 12
 762 11 12 12 12 12 12 12 12 12 13 14 14
 763 12 12 12 12 12 12 12 12 12 12 12 12
 764  8  9 10 11 12 12 12 12 12 12 12 12
 765  9 11 12 13 14 15 16 17 18 20 20 20
 766 11 12 13 14 15 16 17 17 18 18 19 19
 767  8  9 10 11 12 13 14 15 16 16 16 16
 768 11 12 12 12 12 12 12 12 12 12 13 14
 769  8  9 10 11 12 14 15 16 16 18 19 19
 770  9 10 11 12 13 14 15 16 16 19 20 20
 771 10 11 12 13 14 15 15 15 16 16 17 18
 772 13 13 13 13 13 13 13 13 13 13 13 13
 773 11 12 13 14 15 16 16 16 16 16 16 16
 774  9 10 11 12 13 14 15 16 16 16 16 16
 775 11 13 13 13 14 14 15 15 15 15 15 15
 776  9  9  9  9  9  9  9  9  9  9  9  9
 777  9 10 11 12 13 14 14 14 14 14 14 14
 778 10 11 12 13 14 15 16 16 16 16 16 16
 779  8  9 10 11 12 13 14 15 17 17 17 17
 780 10 11 12 13 14 15 16 17 18 20 20 20
 781  9 10 11 12 12 12 12 12 12 13 13 13
 782  9 10 11 12 13 14 15 16 16 16 16 18
 783 10 11 12 13 14 14 15 16 16 16 16 16
 784 10 11 12 13 14 15 15 15 16 16 16 16
 785  9 10 11 12 13 14 15 16 19 19 19 19
 786 13 14 14 15 15 15 15 15 15 15 15 15
 787 10 11 12 13 14 15 16 16 17 18 18 18
 788 12 13 13 13 13 13 13 13 13 13 13 13
 789 11 12 12 13 14 14 14 14 14 14 14 14
 790  9 10 11 12 13 14 15 16 16 16 16 16
 791 12 12 12 12 12 12 12 12 12 12 12 12
 792 10 11 12 13 14 15 15 15 15 15 15 15
 793 10 11 12 13 14 15 16 16 16 16 16 16
 794 12 12 12 12 12 12 12 12 12 12 12 12
 795 13 14 15 16 16 16 16 16 16 16 16 16
 796 12 14 15 15 16 16 16 16 16 16 16 16
 797  8  9 10 11 12 12 12 12 12 12 12 12
 798 12 12 12 12 12 12 12 12 12 12 12 12
 799  7  8  9 10 11 12 12 12 12 12 12 12
 800  8  9 10 11 11 11 11 11 11 11 11 11
 801  7  7  7  7  7  7  7  7  7  7  7  7
 802 12 12 12 12 12 12 12 12 12 12 12 12
 803  8  9 10 12 12 12 13 13 13 13 14 14
 804  8  9 10 11 12 13 14 15 16 16 16 16
 805  7  8  9 10 11 11 12 12 12 12 12 12
 806 11 11 11 11 11 11 11 11 11 11 11 11
 807  9 10 11 11 11 12 12 12 12 12 12 12
 808  9  9  9  9  9  9  9  9  9  9  9  9
 809  8  9 10 11 12 13 13 13 13 13 13 13
 810 11 12 12 12 12 12 12 12 12 12 12 12
 811  8  9 10 11 12 12 12 12 12 12 12 12
 812  9 10 10 10 10 10 10 10 10 10 14 14
 813  8  9  9  9  9  9  9  9  9  9  9  9
 814  8  9 10 11 12 13 14 15 15 17 18 18
 815 11 12 13 14 15 16 16 16 16 16 16 16
 816  9 10 11 12 13 14 14 16 17 18 18 18
 817  9  9  9 12 12 12 12 12 12 12 12 12
 818  9 10 11 12 12 12 12 12 12 12 12 12
 819  8  9 10 11 12 12 12 12 12 12 12 12
 820 10 10 10 10 10 10 10 10 10 10 10 10
 821  8  8  8  8  8  8  8  8  8  8  8  8
 822 11 12 12 12 12 12 12 12 12 12 12 12
 823 10 11 12 13 14 15 16 16 16 16 16 16
 824  9 10 11 12 12 12 12 12 12 12 12 12
 825  8  9  9  9  9  9  9  9  9  9  9  9
 826 12 12 12 12 12 12 12 12 12 12 12 12
 827 11 11 11 11 11 11 11 11 11 11 11 11
 828 10 11 11 11 11 11 11 11 11 11 11 11
 829  8  9 10 11 12 12 12 12 12 12 12 12
 830 10 11 12 12 13 13 13 13 13 13 13 13
 831 12 12 12 12 12 12 12 12 12 12 12 12
 832 10 11 12 12 12 12 12 13 13 13 14 14
 833  8  9 10 11 12 12 12 12 12 12 12 12
 834 11 13 13 14 15 15 15 15 15 15 15 15
 835  8  9  9  9  9  9  9  9  9  9  9  9
 836  9  9  9  9  9  9  9  9  9  9  9  9
 837  8  9 10 11 12 12 12 12 12 12 12 12
 838  8  9 10 11 11 11 11 11 11 11 11 11
 839  8  9  9  9  9  9  9  9  9  9  9  9
 840  9 10 10 10 10 10 10 10 10 10 10 10
 841 11 12 12 12 12 12 12 12 12 12 12 12
 842  8  9 10 11 12 12 12 12 12 12 12 12
 843 11 12 13 14 15 16 16 16 16 16 16 16
 844 11 12 13 14 15 15 16 16 16 16 16 16
 845  9 10 11 13 14 14 15 16 16 18 18 18
 846  7  8  9 10 11 11 12 12 12 12 12 12
 847  9 10 11 12 12 12 12 12 13 13 13 13
 848  7  8  9 10 11 12 12 12 12 12 12 12
 849 10 10 10 10 10 10 10 10 10 10 10 10
 850 13 14 14 14 14 14 14 14 14 14 14 14
 851 12 12 12 12 12 12 12 12 12 12 12 12
 852  9 10 11 12 12 12 12 12 12 12 12 12
 853  9 10 11 12 12 12 12 12 12 12 12 12
 854 11 12 13 14 15 16 16 16 16 16 16 16
 855 10 11 12 13 14 14 14 14 14 14 14 14
 856  8  8  8  8  8  8  8  8  8  8  8  8
 857  8  8  8  8  8  8  8  8  8  8  8  8
 858 11 11 11 11 11 11 11 11 11 11 11 11
 859  8  9 10 11 12 13 13 14 16 16 16 16
 860  9 10 12 14 15 15 16 16 18 19 19 20
 861 12 13 13 13 13 13 13 13 13 13 13 13
 862  9 10 11 12 13 14 14 15 16 16 16 16
 863  8  9 10 11 12 13 14 15 16 16 16 16
 864  9 10 11 12 12 12 12 12 12 12 12 12
 865 11 12 12 14 14 14 14 14 14 14 14 14
 866  9 10 11 12 13 14 15 17 17 17 17 17
 867  8  9 10 11 12 12 12 12 12 12 12 12
 868 10 11 12 12 12 12 12 14 14 14 14 14
 869 12 13 14 15 15 16 16 16 16 16 16 16
 870 10 11 11 11 11 11 11 11 11 11 11 11
 871 11 11 11 11 11 11 11 11 11 11 11 11
 872  8 12 12 12 12 12 12 12 12 12 12 12
 873 10 11 12 12 12 12 12 12 12 12 12 12
 874 10 11 11 11 11 12 12 14 14 14 14 14
 875  9 10 11 12 12 12 12 12 12 12 13 13
 876  8  9 10 11 11 11 11 11 11 14 14 14
 877  8  9  9  9  9  9  9  9  9  9  9 10
 878 14 15 16 16 16 16 16 16 16 16 16 16
 879 12 12 12 12 12 12 12 12 12 12 12 12
 880 11 12 12 12 12 12 12 12 12 12 12 12
 881 10 11 12 12 12 12 13 13 13 14 14 14
 882  8  9 10 11 12 12 12 12 12 12 12 12
 883 11 12 12 12 12 12 12 12 12 12 12 12
 884  8  9 10 10 10 10 10 10 10 10 10 10
 885 11 12 13 14 15 16 16 16 16 16 16 16
 886 12 12 13 13 13 13 13 13 13 13 13 13
 887 10 11 12 12 13 14 14 14 14 15 15 15
 888 10 11 12 13 13 14 14 15 15 16 16 16
 889 14 14 15 15 15 15 15 15 15 15 15 15
 890  8  9 10 11 11 11 11 11 11 11 11 11
 891  9 10 11 12 13 14 15 16 17 18 19 19
 892  9 10 12 12 12 12 13 13 13 13 13 13
 893  8  9  9  9  9  9  9  9  9  9  9  9
 894 10 10 10 10 10 11 11 11 11 12 12 12
 895  8  9 10 11 12 12 12 13 14 14 15 15
 896  9 11 11 11 11 11 11 11 11 11 11 11
 897 10 11 11 11 12 13 13 13 13 13 13 13
 898 10 12 12 12 12 12 12 12 12 12 12 13
 899  9 10 11 12 13 14 15 16 16 19 20 20
 900  9 10 11 12 12 13 13 13 13 13 13 13
 901  9 10 11 12 12 12 12 12 12 12 12 12
 902 10 11 11 11 11 11 11 11 11 11 11 11
 903 10 11 11 11 11 11 11 11 11 11 11 11
 904  8  9 10 10 10 10 10 10 10 10 10 10
 905  8  9 10 11 11 12 12 13 13 13 13 13
 906 13 14 14 14 14 14 14 14 14 14 14 14
 907  7  8  9 10 11 12 12 12 12 13 13 14
 908 10 11 12 12 12 12 12 12 12 12 12 12
 909 11 12 13 14 15 16 16 16 16 16 16 16
 910 10 11 12 13 14 15 16 16 16 16 16 16
 911 11 12 12 12 12 12 12 12 12 12 12 12
 912  8  9 10 11 12 13 14 15 16 16 16 16
 913  8  9 10 11 12 13 14 15 16 16 16 16
 914 11 12 12 12 12 12 12 12 12 12 12 12
 915 11 12 12 12 12 12 12 12 12 12 12 12
 916 12 12 12 12 12 12 12 12 12 12 12 12
 917 11 12 12 12 12 12 12 12 12 12 12 12
 918  7  8  9  9 10 10 10 10 10 10 10 10
 919  8  9 10 11 12 12 12 12 12 12 12 12
 920 12 13 14 15 16 17 17 17 17 17 17 17
 921 10 11 12 12 12 12 12 12 12 12 12 12
 922 12 12 12 12 12 12 12 12 12 12 12 12
 923  9  9  9  9  9  9  9  9  9  9  9  9
 924 11 12 12 12 12 12 12 12 12 12 12 12
 925 13 13 13 13 13 13 13 13 13 14 14 14
 926 13 14 15 15 16 16 16 16 16 16 16 16
 927 11 12 12 12 12 12 12 12 12 12 12 12
 928 10 11 12 12 12 12 12 12 12 12 12 12
 929 10 10 10 10 10 10 10 10 10 10 10 10
 930  8  9 10 10 10 10 10 10 10 10 10 10
 931 11 12 12 12 12 12 12 12 12 12 12 12
 932  8  9 10 11 12 12 12 12 12 12 12 12
 933  9 10 11 12 12 12 12 12 12 12 12 12
 934 12 13 13 13 14 14 14 14 14 15 17 17
 935 12 12 12 12 12 12 14 14 14 14 14 14
 936  8  9 10 11 12 12 13 13 13 13 13 13
 937  9 10 11 11 11 11 11 13 13 13 13 13
 938 11 12 12 12 12 12 12 12 12 12 12 12
 939  8  9 10 11 12 12 13 14 14 14 14 14
 940 12 13 14 15 16 16 16 16 16 16 16 16
 941 11 12 13 14 14 14 14 14 14 14 14 14
 942 11 12 13 14 15 15 16 16 16 16 16 16
 943  8  9 10 11 12 13 14 16 16 16 16 16
 944 10 11 12 12 12 12 12 12 12 12 12 12
 945 11 12 12 12 12 12 12 12 12 12 12 12
 946 12 12 12 12 12 12 12 12 12 12 12 12
 947 10 11 12 13 13 13 13 13 13 13 13 13
 948 10 11 13 13 14 14 14 14 14 14 14 14
 949  8  9 10 11 12 13 14 15 15 16 16 16
 950 11 12 13 14 14 14 14 14 14 14 14 14
 951 12 12 12 12 12 12 12 12 12 12 12 12
 952  9 10 11 12 13 13 14 14 14 14 14 14
 953 12 13 13 13 13 14 14 14 14 14 14 14
 954  8  9 10 12 12 12 12 12 12 12 12 12
 955 14 15 15 15 15 15 15 15 15 16 16 16
 956 11 12 12 12 12 12 12 12 12 12 12 12
 957  9 10 11 12 12 12 12 12 12 12 12 12
 958  8  9 10 10 11 12 12 12 12 12 12 12
 959  7  8  9 10 11 12 12 12 12 12 12 12
 960 11 12 12 12 12 12 12 12 12 12 12 12
 961 10 11 11 11 11 11 11 11 11 11 11 11
 962  9 10 11 12 12 12 12 12 12 12 12 12
 963  9 10 11 12 12 12 12 12 12 12 12 12
 964  9 10 11 12 13 14 15 16 16 16 17 18
 965 12 12 12 12 12 12 12 12 12 12 12 12
 966  8  9 10 11 12 13 14 15 16 16 16 16
 967 11 11 11 11 11 11 11 11 11 11 11 11
 968  8  9 10 11 12 12 12 12 12 12 12 12
 969  8  9 10 11 12 12 12 12 12 12 12 12
 970  7  7  7  7  7  7  7  7  7  7  7  7
 971  9 10 11 12 12 12 12 12 12 12 12 12
 972  8  9  9 10 12 12 12 12 12 12 12 12
 973 10 11 12 12 12 12 12 12 12 12 12 12
 974  9 10 11 12 13 14 15 16 16 16 16 16
 975 10 11 11 11 11 11 11 11 11 11 12 13
 976 10 11 12 12 12 12 12 12 12 13 14 14
 977  8  9 10 11 12 12 12 12 12 12 12 13
 978  8  9 10 11 12 13 15 15 16 16 16 16
 979 12 12 12 12 12 12 12 12 12 12 12 12
 980 11 12 13 13 13 13 13 13 14 16 16 16
 981  9 10 11 12 13 14 14 15 16 16 16 16
 982  7  8  9 10 11 12 12 14 15 16 16 16
 983  7  8  9 10 11 12 13 13 13 16 16 16
 984 11 12 13 14 14 14 14 14 14 14 14 14
 985 10 11 12 12 12 12 12 12 12 12 12 12
 986  9 10 11 12 13 14 15 15 15 15 15 15
 987  8  9 10 11 12 12 12 12 12 12 13 13
 988  7  8  9 10 11 12 12 12 12 12 12 12
 989  9 10 11 12 13 14 14 14 14 14 14 14
 990 12 12 12 12 12 12 12 12 12 12 12 12
 991 12 13 13 13 14 14 14 14 14 14 14 14
 992  9 10 11 12 12 12 12 12 12 12 12 12
 993 12 12 12 12 12 12 12 12 12 12 12 12
 994 12 12 12 12 12 12 12 12 12 12 12 12
 995 12 12 12 12 12 12 12 12 12 12 12 12
 996 12 12 12 12 13 15 15 15 16 16 16 16
 997 10 11 12 13 14 14 15 16 16 16 16 16
 998  8  9 10 11 12 13 13 14 15 16 16 16
 999 13 13 14 15 15 16 16 16 16 16 16 16
1000  9 10 11 12 12 12 12 12 12 12 12 12
1001 12 12 13 14 15 16 18 18 20 20 20 20
1002  8  9 10 11 12 13 15 15 16 16 16 16
1003 11 12 12 12 12 12 12 12 12 12 12 12
1004  9 11 11 12 13 13 13 13 13 13 13 13
1005  8  9 10 11 12 12 12 12 12 12 12 12
1006  8  8  8  8  8  8  8  8  8  8  8  8
1007  9  9  9  9  9  9  9  9  9  9  9  9
1008  7  8  9 10 10 10 10 10 10 10 10 10
1009  7  8  8  8  8  8  8  8  8  8  8  8
1010  7  8  9 10 11 12 12 12 12 12 12 12
1011 11 12 12 12 12 12 12 12 12 12 12 12
1012  8  8  8  8  8  8  8  8  8  8  8  8
1013  8  9  9  9  9  9  9  9  9  9  9  9
1014  8  9 10 11 11 11 11 11 11 11 11 11
1015  9 10 11 12 13 14 15 16 18 18 18 18
1016 13 14 15 17 17 18 19 20 20 20 20 20
1017  9 10 11 12 13 15 15 16 16 16 16 16
1018 12 12 12 12 12 12 12 12 12 12 12 12
1019  8  9 10 11 12 13 14 16 17 18 19 20
1020 13 14 15 16 16 16 16 16 16 16 16 16
1021 11 12 13 14 14 15 16 16 17 17 17 17
1022  9 10 12 12 13 13 13 13 13 13 15 15
1023 11 12 13 14 15 16 16 16 16 16 16 16
1024 12 12 12 12 12 12 12 12 12 12 12 14
1025  9 10 10 11 11 11 11 11 11 11 11 11
1026  6  6  6  6  6  6  6  6  6  6  6  6
1027 13 13 13 13 13 13 13 13 13 13 13 13
1028  9 10 11 11 12 13 14 15 16 16 16 16
1029 10 11 12 12 12 12 12 12 12 12 12 12
1030 11 12 12 14 14 14 14 14 14 14 14 14
1031  8  9 10 11 12 12 12 12 12 12 12 12
1032  8  9 10 11 12 12 12 12 12 12 12 12
1033 10 10 11 12 12 12 12 12 12 12 12 12
1034 11 12 12 12 12 12 12 12 12 12 12 12
1035  8  9 10 11 12 12 12 12 12 12 12 12
1036 10 10 10 10 10 10 10 10 10 10 10 10
1037  9  9  9  9  9  9  9  9  9  9  9  9
1038 11 12 12 12 12 12 12 12 12 12 12 12
1039 10 11 12 12 12 12 12 12 12 12 12 12
1040  9 10 11 12 13 13 13 13 13 13 13 13
1041 11 11 11 11 11 11 11 11 11 12 12 12
1042 10 11 12 12 12 12 12 12 12 12 12 12
1043 11 12 12 12 12 12 12 12 12 12 12 12
1044  8  9 10 11 12 13 14 15 16 16 16 16
1045 10 11 12 13 13 13 13 13 13 13 13 13
1046  8  9 10 11 12 12 12 12 12 12 12 12
1047 11 12 12 12 12 12 12 13 13 13 13 13
1048 10 10 10 10 10 10 10 10 10 10 10 10
1049  7  8  8 10 11 12 12 12 12 12 12 12
1050  8  9 10 11 12 12 12 13 14 15 16 17
1051 12 12 12 12 12 12 12 12 12 12 12 12
1052 11 11 11 11 11 11 11 11 11 13 13 13
1053 11 12 12 12 12 12 12 12 12 12 12 12
1054  8  9 10 11 12 12 12 12 12 12 12 12
1055 11 11 11 11 11 11 11 11 11 11 11 11
1056  7  8  9 10 11 12 12 12 12 12 12 12
1057 12 12 12 12 12 12 12 12 12 12 12 12
1058 14 15 16 16 16 16 16 16 16 16 16 16
1059 11 12 13 14 14 14 14 14 14 14 14 14
1060 10 11 12 12 12 12 12 12 12 12 12 12
1061  8  9 10 11 12 12 13 13 13 13 13 13
1062  9 10 11 12 12 12 12 12 12 12 12 12
1063 10 11 12 13 13 13 13 13 13 13 13 13
1064  8  9 10 11 12 13 14 15 15 15 16 16
1065 12 12 12 12 12 12 12 12 12 12 12 12
1066 10 12 12 12 12 12 12 12 12 12 12 12
1067  8  9 10 11 12 13 13 13 13 13 13 13
1068 10 11 11 11 11 11 11 11 11 11 11 11
1069 12 12 13 13 13 13 13 13 13 13 13 13
1070 10 10 10 10 10 10 10 10 11 11 11 11
1071 12 12 12 12 12 12 12 12 12 12 12 12
1072  8  9 10 11 11 12 12 12 12 12 12 12
1073 11 12 12 12 12 12 12 12 12 12 12 12
1074  8  9 10 11 12 12 12 12 12 12 12 12
1075  9  9 10 11 12 12 13 14 15 15 15 15
1076  7  8  9 10 10 10 10 10 10 10 10 10
1077 10 11 12 12 12 12 12 12 12 12 12 12
1078 10 11 12 13 14 14 14 14 14 14 14 14
1079 10 11 12 13 14 15 16 16 16 16 16 16
1080  9  9  9  9  9  9  9  9  9  9  9  9
1081 10 10 10 10 10 10 10 10 10 10 10 10
1082 10 11 12 12 12 12 12 12 12 12 12 13
1083 12 13 14 14 15 16 16 16 16 16 16 16
1084 12 12 12 12 12 12 12 12 12 12 12 12
1085  9 10 11 12 13 14 15 16 16 16 16 16
1086 10 11 12 13 14 14 14 14 14 14 14 14
1087 12 13 14 15 16 16 16 16 16 16 16 16
1088 10 11 12 12 12 12 12 12 12 12 12 12
1089  7  8  9 10 11 12 12 12 12 12 12 12
1090  9 10 11 12 12 14 14 14 14 14 14 14
1091 10 10 10 10 10 10 10 10 10 10 10 10
1092 10 10 10 10 10 10 10 10 10 10 10 10
1093  9 10 11 12 12 12 12 12 12 12 12 12
1094  7  8  9 10 11 12 12 12 12 12 12 12
1095 10 11 12 12 12 12 12 12 12 12 12 12
1096 11 12 12 12 12 12 12 12 12 12 12 12
1097 11 12 12 12 12 12 12 12 12 12 12 12
1098 12 12 12 12 12 12 12 12 12 12 13 13
1099 11 12 12 12 12 12 12 12 12 12 12 12
1100 10 11 12 12 13 13 13 13 13 13 13 13
1101 10 11 11 11 11 11 11 11 11 11 11 11
1102  9 10 11 12 12 12 12 12 12 12 12 12
1103 10 11 12 12 14 15 16 16 18 18 18 18
1104  8  9 10 11 12 13 14 15 16 17 17 17
1105  9 10 11 12 13 13 13 13 14 15 15 15
1106 11 12 12 12 12 12 12 12 12 12 12 12
1107 12 12 12 12 12 12 12 12 12 12 12 12
1108 10 11 12 12 12 12 12 12 12 12 12 12
1109  8  9 10 10 10 10 10 10 10 10 10 10
1110  9 10 11 12 13 14 15 16 16 16 16 16
1111 12 13 14 15 16 16 16 16 16 16 16 16
1112 10 11 12 12 12 12 12 12 12 12 12 12
1113  9 10 11 12 12 12 12 12 12 12 12 12
1114  9 10 11 12 13 14 15 16 16 16 16 16
1115  8  9 10 10 10 10 10 10 10 10 10 10
1116  8  9 10 11 12 12 12 12 12 12 12 12
1117 11 12 12 12 12 12 12 12 12 12 12 12
1118 10 11 12 13 14 15 16 16 16 16 16 16
1119  8  9 10 11 12 12 12 12 12 12 12 12
1120 11 12 12 13 14 14 14 14 14 14 14 14
1121 11 12 12 12 12 12 12 12 12 12 12 12
1122  8  8  8  8  8  8  8  8  8  8  8  8
1123  7  7  7  7  7  7  7  7  7  7  7  7
1124 10 11 12 12 12 12 12 12 12 12 12 12
1125  8  8 10 11 12 12 12 12 12 12 12 12
1126  7  8  8  8  8  8  8  8  8  8  8  8
1127  8  9 10 11 12 12 12 12 12 12 12 12
1128  8  8  8  8  8  8  8  8  8  8  8  8
1129  9 10 11 12 12 12 12 12 12 12 12 12
1130  9 10 11 12 12 12 12 12 12 12 12 12
1131  9 12 12 12 12 12 12 12 12 12 12 12
1132 12 12 12 12 12 12 12 12 12 12 12 12
1133 10 11 12 12 12 12 12 12 12 12 12 12
1134  8  9 10 11 12 13 14 14 14 14 14 14
1135 10 11 12 12 12 12 12 12 12 12 12 12
1136  9 10 11 12 13 14 15 15 15 15 15 15
1137  9 10 11 11 11 11 11 11 12 12 12 13
1138 12 13 14 15 16 16 16 16 16 16 16 16
1139  8  9 10 11 12 12 12 12 12 12 12 12
1140  8  8  8  8  8  8  8  8  8  8  8  8
1141 11 12 12 12 12 12 12 12 12 12 12 12
1142  8  8  8  8  8  8  8  8  8  8  8  8
1143  9 10 11 12 13 14 14 14 14 14 14 14
1144 10 11 12 13 14 15 16 17 17 17 17 17
1145  7  8  9  9  9  9  9  9  9  9  9  9
1146  9 10 11 12 12 12 12 12 12 12 12 12
1147 11 12 14 15 15 16 17 17 17 17 17 17
1148 10 11 12 12 12 12 12 12 12 12 12 12
1149  8  9 10 10 10 10 10 10 10 10 10 10
1150  9 10 11 12 12 12 12 12 12 12 12 12
1151 11 12 12 12 12 12 12 12 12 12 12 12
1152 12 13 14 15 16 16 16 16 16 16 16 17
1153  8  9 10 11 12 12 12 12 12 12 12 12
1154 14 15 16 16 16 16 16 16 16 16 16 16
1155  9  9  9  9  9  9  9  9  9  9  9  9
1156  9  9  9  9  9  9  9  9  9  9  9  9
1157  8  8  8  8  8  8  8  8  8  8  8  8
1158  8  9 10 11 12 12 12 12 12 12 12 12
1159 11 12 12 12 12 12 12 12 12 12 12 12
1160  7  8  9 10 11 12 13 13 13 13 13 13
1161 11 12 12 12 12 12 12 12 12 12 12 12
1162 10 10 10 10 10 10 10 10 10 10 10 10
1163  8  9  9  9  9  9  9  9  9  9  9  9
1164 11 12 13 14 15 16 16 16 16 16 16 16
1165 14 15 15 16 16 16 16 16 16 16 16 16
1166  9 10 11 12 12 12 12 12 12 12 12 12
1167 11 12 12 12 12 12 12 12 12 12 12 12
1168  7  8  9 10 11 12 12 12 12 12 12 12
1169 11 11 11 11 11 11 11 11 11 11 11 11
1170  9 10 10 10 10 10 10 10 10 10 10 10
1171  9 10 11 11 11 11 12 12 12 12 12 12
1172 12 12 12 12 12 12 12 12 12 12 12 12
1173  8  9 10 11 12 12 12 12 12 12 12 12
1174 12 12 12 12 12 12 12 12 12 12 12 12
1175  9  9 11 11 11 11 11 11 11 13 13 13
1176  9 10 10 10 10 10 10 10 10 10 10 10
1177  8  8  9  9  9  9  9  9  9  9  9  9
1178  9 10 10 10 10 10 10 10 10 10 10 10
1179  7  8  9 10 11 12 12 12 12 12 12 12
1180  8  9  9  9  9  9  9  9  9  9  9  9
1181  8  8  8  8  8  8  8  8  8  8  8  8
1182 10 11 11 11 11 11 11 11 11 11 11 11
1183 10 11 11 11 11 11 11 11 11 11 11 11
1184 10 11 12 13 14 14 14 14 14 14 14 14
1185  7  8  8  8  8  8  8  8  8  8  8  8
1186 10 10 10 10 10 10 10 11 11 11 11 11
1187  9 10 12 12 12 12 12 12 12 12 12 12
1188  8  8  8  8  8  8  8  8  8  8  8  8
1189  7  7  7  7  7  7  7  7  7  7  7  7
1190 14 15 15 16 16 16 16 16 16 16 16 16
1191 14 15 16 17 17 17 17 17 17 17 17 17
1192 14 14 15 15 15 15 15 15 15 16 16 16
1193  9  9  9  9  9  9  9  9  9  9  9  9
1194  7  8  8  8  8  8  8  8  8  8  8  8
1195  8  8  8  8  8  8  8  8  8  8  8  8
1196  7 12 12 12 12 12 12 12 12 12 12 12
1197  9 10 10 10 10 10 10 10 10 10 10 10
1198 10 11 12 12 12 12 12 12 12 12 12 12
1199  8  9 10 11 12 12 12 12 12 12 12 12
1200 11 11 11 11 11 11 11 11 11 11 11 11
1201  8  8  8  8  8  8  8  8  8  8  8  8
1202  8  8  8  8  8  8  8  8  8  8  8  8
1203  8  9 10 11 12 13 14 15 17 18 18 18
1204  9 10 11 12 12 12 12 12 12 12 12 12
1205  8  9 10 11 12 12 12 12 12 12 12 12
1206 13 14 14 14 14 14 14 14 14 14 14 14
1207 10 11 12 13 14 15 15 16 16 16 16 16
1208  7  8  9  9  9  9  9  9  9  9  9  9
1209  9 10 11 12 12 12 12 12 12 12 12 12
1210 10 10 10 10 10 10 10 10 10 10 10 10
1211 14 14 15 16 16 16 16 16 16 16 16 16
1212  8  9 10 12 13 14 15 15 15 15 15 15
1213  9 10 11 11 11 11 11 11 11 11 11 11
1214  8  9  9 10 11 12 12 12 12 12 12 12
1215 10 10 10 10 10 10 10 10 10 10 10 10
1216  9 10 10 10 10 10 10 10 10 10 10 10
1217 12 12 12 12 12 12 12 12 12 12 12 12
1218 15 15 16 16 17 18 19 19 19 19 19 19
1219  8  9 10 11 12 13 14 15 16 16 16 16
1220 12 13 14 15 16 17 18 18 18 18 18 18
1221 11 11 12 12 12 12 12 12 12 12 12 12
1222 10 11 11 11 11 11 11 11 11 11 11 11
1223  8  8  8  8  8  8  8  8  8  8  8  8
1224 10 10 10 10 10 10 10 10 10 10 10 10
1225  8  9 10 11 12 12 12 12 12 12 12 12
1226  8  9  9  9  9  9  9  9  9  9  9  9
1227  9  9  9  9  9  9  9  9  9  9  9  9
1228  7  8  8  9  9  9  9  9  9 12 12 12
1229  7  8  9 10 10 10 10 10 10 10 10 10
1230 12 12 12 12 12 12 14 14 14 14 14 14
1231  9 10 11 12 12 12 12 12 12 12 12 12
1232 12 12 12 12 12 12 12 12 12 12 12 12
1233  9  9  9  9  9  9  9  9  9  9  9  9
1234  8  8  8  8  8  8  8  8  8  8  8  8
1235  8  9 10 11 12 12 12 12 12 12 12 12
1236 13 14 15 16 16 16 16 16 16 16 16 16
1237  7  8  9 10 10 11 11 11 11 11 11 11
1238 10 10 10 10 10 10 10 12 12 12 12 12
1239  8  8  8  8  8  8  8  8  8  8  8  8
1240  8  9  9  9  9  9  9  9  9  9  9  9
1241 11 12 12 12 12 12 12 12 12 12 12 12
1242 10 11 12 12 12 12 12 12 12 12 12 12
1243  9 10 11 11 11 11 11 11 11 11 11 11
1244  8  9 10 10 10 10 10 10 10 10 10 10
1245 11 11 12 13 13 13 13 13 13 13 13 13
1246  9  9 10 10 10 10 10 10 10 10 10 10
1247  9 10 11 12 12 12 12 12 12 12 12 12
1248 11 11 11 11 11 12 12 12 12 12 12 12
1249  9 10 11 12 12 13 13 14 14 14 14 14
1250 13 14 14 15 16 16 16 16 16 16 16 16
1251 14 15 16 16 17 18 19 19 19 19 19 19
1252 10 10 10 10 10 10 10 10 10 10 10 10
1253 15 16 17 18 19 19 19 19 19 19 19 19
1254 14 15 16 16 16 16 16 16 17 17 17 17
1255 13 14 15 15 15 15 15 15 15 15 15 15
1256 12 14 14 14 14 15 16 16 16 16 16 16
1257  8  9 10 11 11 11 11 11 11 11 11 11
1258  9  9  9  9  9  9  9  9  9  9  9  9
1259 11 12 12 12 12 12 12 12 12 12 12 12
1260  9  9  9  9  9  9  9  9  9  9  9  9
1261 10 10 10 10 10 10 10 10 10 10 10 10
1262  8  9  9  9  9  9  9  9  9  9  9  9
1263 11 11 11 11 11 11 11 11 11 11 11 11
1264  9 10 11 12 12 12 12 12 14 14 14 14
1265  8  9 10 11 12 13 14 15 15 19 19 19
1266 12 12 12 12 12 12 12 12 13 13 13 13
1267 14 14 15 16 16 16 16 16 16 16 16 16
1268 10 10 10 10 10 10 10 10 10 10 10 10
1269 11 12 13 13 13 14 14 14 15 16 16 18
1270 11 11 11 11 11 11 14 14 14 14 14 14
1271  9 10 11 12 12 12 12 12 12 12 12 12
1272 12 12 12 12 12 12 12 12 12 12 12 12
1273 10 11 12 12 12 13 14 14 15 16 16 16
1274  9 10 11 11 11 11 11 11 11 11 11 11
1275  6  6  6  6  6  6  6  6  6  6  6  6
1276 10 11 12 12 12 12 12 12 12 12 12 12
1277 11 12 12 12 12 12 12 12 12 12 12 12
1278 11 12 12 12 12 12 12 12 12 12 12 12
1279  8  9  9  9  9  9  9  9  9  9  9  9
1280 11 12 12 12 12 12 12 12 12 12 12 12
1281  6  7  8  9 10 11 12 12 12 12 12 12
1282 13 13 13 13 13 13 13 14 14 14 14 14
1283 13 13 13 13 13 13 13 13 13 13 13 13
1284 11 12 12 12 12 12 12 12 12 12 12 12
1285  9 10 11 12 12 12 12 12 12 12 12 12
1286 10 10 10 10 10 10 10 10 10 10 10 10
1287  8  8  8  8  8  8  8  8  8  8  8  8
1288  8  8  8  8  8  8  8  8  8  8  8  8
1289 11 12 12 12 12 12 12 12 12 12 12 12
1290 10 10 10 10 10 10 10 10 10 10 10 10
1291 11 12 12 12 12 12 12 12 12 12 12 12
1292  7  8  9 10 11 12 12 12 12 12 12 12
1293  9  9  9  9  9  9  9  9  9  9  9  9
1294  7  7  7  7  7  7  7  7  7  7  7  7
1295  8  8  8  8  8  8  8  8  8  8  8  8
1296  9 10 12 12 12 12 12 12 12 12 12 12
1297 10 11 12 13 13 13 13 13 14 14 14 14
1298  9 10 11 11 11 11 11 12 12 12 12 12
1299 12 12 12 12 12 12 12 12 12 12 12 12
1300  8  8  8  8  8  8  8  8  8  8  8  8
1301 12 12 12 12 12 12 12 12 12 12 12 12
1302  9 10 11 12 12 12 12 12 12 12 12 12
1303 10 11 12 12 12 12 12 12 12 12 12 12
1304  9 10 11 11 11 11 11 11 11 11 11 11
1305  7  8  9 10 10 10 10 10 10 10 10 10
1306 10 10 10 10 10 10 10 10 10 10 10 10
1307  6  7  7  8  8  8  8  8  8  8  8  9
1308 12 12 13 14 14 15 16 16 16 16 16 16
1309  8  9  9  9  9  9  9  9  9  9  9  9
1310 10 11 12 13 13 13 13 13 13 13 13 13
1311  8  9 10 10 10 10 10 10 10 10 10 10
1312  7  8  9  9  9  9  9  9  9  9  9  9
1313 13 13 13 13 13 13 14 15 15 16 16 16
1314 11 12 12 12 12 12 12 12 12 12 12 12
1315  9  9  9  9  9  9  9  9  9  9  9  9
1316 12 12 13 14 14 14 14 14 14 14 14 14
1317  8  9 11 12 13 14 15 16 18 19 20 20
1318 11 12 12 12 12 12 12 12 12 12 12 12
1319  9 10 10 10 10 10 10 10 10 10 10 10
1320  9  9  9  9  9  9  9  9  9  9  9  9
1321  8  9  9 10 10 10 10 10 10 10 10 12
1322  8  9 10 11 12 12 12 12 12 12 12 12
1323 12 13 13 13 13 13 13 13 13 13 13 13
1324  6  6  7  7  7  7  7  7  7  7  7  7
1325  8  8  8  8  8  8  8  8  8  8  8  8
1326  6  7  8  9 10 11 11 11 11 11 11 11
1327  8  9  9  9  9  9  9  9  9 14 14 14
1328  9 10 11 11 11 11 11 11 11 11 11 11
1329  6  6  6  6  6  6  6  6  6  6  6  6
1330  8  9  9  9  9  9  9  9  9  9  9  9
1331  9  9  9  9  9  9  9  9  9  9  9  9
1332 12 12 12 12 12 12 12 12 12 12 12 12
1333 12 12 12 12 12 12 12 12 12 12 12 12
1334 11 12 12 12 12 12 12 12 12 12 12 12
1335  8  9  9  9  9  9  9  9  9  9  9  9
1336 12 12 12 13 13 13 13 14 14 14 14 14
1337  7  8  9 10 11 12 12 12 12 12 12 12
1338 11 12 12 12 12 12 12 12 12 12 12 12
1339  9 10 11 12 12 12 12 12 12 13 13 13
1340  8  9 10 11 12 12 12 12 12 12 12 12
1341  8  8  8  8  8  8  8  8  8  8  8  8
1342  8  9 10 11 12 12 12 12 12 12 12 12
1343  8  8  8  8  8  8  8  8  8  8  8  8
1344 10 10 10 10 10 10 10 10 10 10 10 10
1345  8  9 10 11 12 13 13 13 13 13 13 13
1346  8  9 10 11 11 11 11 11 12 12 12 12
1347  6  7  7  7  7  7  7  7  7  7  7  7
1348  8  9  9  9  9  9  9  9  9  9  9  9
1349 12 12 12 12 12 12 12 12 12 12 12 12
1350 10 10 10 10 10 10 10 10 10 10 10 10
1351 10 11 12 12 12 12 12 12 12 12 12 12
1352 11 12 12 12 12 12 12 12 12 12 12 12
1353 11 12 12 12 12 12 12 12 12 12 12 12
1354  8  8  8  8  9  9  9  9  9  9  9  9
1355  6  6  6  6  6  6  6  6  6  6  6  6
1356  9  9  9  9  9  9  9  9  9  9  9  9
1357 10 10 10 10 10 10 10 10 10 10 10 10
1358  9 10 11 12 12 12 12 12 12 12 12 12
1359  9 10 11 12 12 12 12 12 12 12 12 12
1360  7  8  9 10 11 12 12 12 12 12 12 12
1361  8  8  8  8  8  8  8  8  8  8  8  8
1362  8  9 10 10 10 10 10 10 10 10 10 10
1363  9 10 11 11 11 11 11 11 11 11 11 11
1364 12 12 12 12 12 12 12 12 12 12 12 12
1365 10 10 10 10 10 10 10 10 10 10 10 10
1366  9  9  9  9  9  9  9  9  9  9  9  9
1367  7  8  8  8  8  8  8  8  8  8  8  8
1368  8  9 10 11 13 14 15 16 17 17 17 17
1369 10 11 12 12 12 12 12 12 12 12 12 12
1370 12 13 14 15 15 15 16 16 16 16 16 16
1371 10 11 12 12 14 14 14 14 14 14 14 14
1372  9  9  9  9  9  9  9  9  9  9  9  9
1373  7  8  9 10 10 10 10 10 10 10 10 10
1374  8 10 11 11 11 11 11 11 11 11 11 11
1375  9 10 11 11 11 11 11 11 11 11 11 11
1376  9  9  9  9  9  9  9 13 13 13 13 13
1377 12 12 12 12 12 12 12 12 12 12 12 12
1378 12 12 12 12 12 12 12 12 12 12 12 12
1379 11 11 11 11 11 11 11 11 11 11 11 11
1380  8  8  8  8  8  8  8  8  8  8  8  8
1381 12 12 12 12 13 13 13 13 13 13 13 13
1382 14 15 16 16 16 16 16 16 16 16 16 16
1383 15 15 16 16 17 17 17 17 18 20 20 20
1384 13 14 15 16 16 16 16 16 16 16 16 16
1385  8  9  9  9  9  9 12 12 12 12 12 12
1386 15 16 17 17 17 17 17 17 17 17 17 17
1387  7  7  7  7  7  7  7  7  7  7  7  7
1388  9 10 11 12 13 14 14 14 14 14 15 15
1389  9  9  9  9  9  9  9  9  9  9  9  9
1390 11 11 11 11 11 11 11 11 11 11 11 11
1391  6  7  8 10 11 11 11 11 11 11 11 11
1392  8  9  9  9  9  9  9  9  9  9  9  9
1393 13 14 15 15 16 16 16 16 16 16 16 16
1394  9 10 10 10 10 10 10 10 10 10 10 10
1395  9  9  9  9  9  9  9  9  9  9  9  9
1396  8  8  8  8  8  8  8  8  8  8  8  8
1397  9 10 11 12 12 12 12 12 12 12 12 12
1398 13 14 15 16 17 17 17 17 17 17 17 17
1399  8  9 10 10 10 10 10 10 10 10 10 10
1400  9 10 10 10 10 10 10 10 10 10 10 10
1401 10 10 10 10 10 10 10 10 10 10 10 10
1402 11 12 12 12 12 12 12 12 12 12 12 12
1403  9  9  9  9  9  9  9  9  9  9  9  9
1404 12 12 12 12 12 12 12 12 12 12 12 12
1405  7  8  8  9 10 11 12 12 12 12 12 12
1406 11 11 11 11 11 11 11 11 11 11 11 11
1407 11 11 11 11 11 11 11 11 11 11 11 11
1408 14 15 16 17 17 18 20 20 20 20 20 20
1409 14 15 16 16 16 16 16 16 16 16 16 16
1410 14 15 16 16 16 16 16 17 17 17 17 17
1411  8  8  8  8  8  8  8  8  8  8  8  8
1412 10 10 10 10 10 10 10 10 10 10 10 10
1413  9  9  9  9  9  9  9  9  9  9  9  9
1414  8  9 10 11 12 12 12 12 12 12 12 12
1415  8  9 10 11 12 12 12 13 14 15 15 16
1416  9 10 10 10 10 10 10 10 10 10 10 10
1417  9 10 11 12 13 14 14 14 14 14 14 14
1418  9  9  9  9  9  9  9  9  9  9  9  9
1419  7  8  9  9  9  9  9  9  9  9  9  9
1420  8  8 10 11 12 13 14 14 16 16 16 16
1421 12 12 12 12 12 12 12 12 12 12 12 12
1422  7  8  9 10 10 10 11 11 11 11 11 11
1423 12 12 12 12 12 12 12 12 12 12 12 12
1424 14 15 16 16 16 16 16 16 16 16 16 16
1425 13 14 15 16 16 16 16 16 16 16 16 16
1426  8  9 10 11 11 11 11 11 11 11 11 11
1427  8 10 10 10 10 12 12 12 12 12 12 12
1428  9  9  9  9  9  9  9  9  9  9  9  9
1429  9 10 10 10 10 10 10 10 12 12 12 12
1430 12 12 12 12 12 12 12 12 12 12 12 12
1431 12 12 12 12 12 12 12 12 12 12 12 12
1432 12 12 12 12 13 13 13 13 13 13 13 13
1433 12 12 12 12 12 12 12 12 12 12 12 12
1434 12 12 12 12 12 12 12 12 12 12 12 12
1435 12 12 12 12 12 12 12 12 12 12 12 12
1436 12 12 12 12 12 12 12 12 12 12 12 12
1437 14 14 14 14 14 14 14 14 14 14 14 14
1438 10 10 10 10 10 10 10 10 10 10 10 10
1439 11 11 11 12 12 12 12 12 12 12 12 12
1440 12 12 12 12 12 12 12 12 12 12 12 12
1441 12 12 12 13 13 13 13 13 13 13 13 13
1442 12 12 12 12 12 13 14 14 14 14 14 14
1443 12 12 12 12 12 12 12 12 12 12 12 12
1444 12 12 12 12 12 12 12 12 12 12 12 12
1445 11 11 11 11 12 12 12 12 12 12 12 12
1446 12 12 12 12 12 12 12 12 12 12 12 12
1447 12 12 12 12 12 12 12 12 12 12 12 12
1448 12 12 12 12 12 12 12 12 12 12 12 12
1449 12 13 13 14 14 15 15 16 16 16 16 16
1450 12 12 12 12 12 12 12 12 12 12 12 12
1451 12 12 12 12 12 12 12 12 12 12 12 12
1452 11 11 11 11 11 11 11 11 11 11 11 11
1453 12 12 12 12 14 15 15 15 15 15 15 15
1454 12 12 12 12 12 12 12 12 12 12 12 12
1455 12 12 12 12 12 12 12 12 12 12 12 12
1456 11 11 11 11 11 11 11 11 11 11 11 11
1457 12 12 12 12 12 12 12 12 12 12 12 12
1458 12 12 12 12 12 12 12 12 12 12 12 12
1459 12 12 12 12 12 12 12 12 12 12 12 12
1460 12 13 13 14 14 15 15 15 15 15 15 15
1461 12 12 12 12 12 12 12 12 12 12 12 12
1462 11 11 11 11 11 11 11 11 11 11 11 11
1463 12 12 12 12 12 12 12 12 12 12 12 12
1464  9  9 10 12 12 12 12 12 12 12 12 12
1465 12 12 12 12 12 12 12 12 12 12 12 12
1466 12 13 13 13 13 13 13 13 13 13 13 13
1467 12 12 12 12 12 12 12 12 12 12 12 12
1468 12 12 12 12 13 13 13 13 13 13 13 13
1469 12 12 12 12 12 13 13 13 13 13 13 13
1470 11 11 11 11 11 11 11 11 11 11 11 11
1471 12 12 12 12 12 12 12 12 12 12 12 12
1472 12 12 12 12 13 13 13 13 13 13 13 13
1473 12 12 12 12 12 12 12 12 12 12 12 12
1474 10 12 12 12 12 12 12 12 12 12 12 12
1475 12 12 12 12 13 14 14 14 14 14 14 14
1476 12 13 13 13 13 13 13 13 13 13 13 13
1477 11 11 11 11 11 11 11 11 11 11 11 11
1478 11 11 11 11 11 11 11 11 11 11 11 11
1479  9  9  9  9  9  9  9  9  9  9  9  9
1480 12 12 12 12 12 12 12 12 12 12 12 12
1481 12 12 12 12 13 13 13 13 13 13 13 13
1482 12 12 12 12 12 12 12 12 12 12 12 12
1483 10 10 11 11 11 11 11 11 11 11 11 11
1484 12 12 12 12 12 12 12 12 12 12 12 12
1485 12 12 12 12 12 12 12 12 12 12 12 12
1486 11 11 12 12 12 12 12 12 12 12 12 12
1487 12 12 12 12 12 12 12 12 12 12 12 12
1488  9  9  9  9  9  9  9  9  9  9  9  9
1489 12 12 12 12 12 12 12 12 12 12 12 12
1490 12 12 12 12 12 12 12 12 12 12 12 12
1491 12 12 12 12 12 12 12 12 12 12 12 12
1492 12 12 12 12 12 12 12 12 12 12 12 12
1493 12 12 12 12 12 12 12 12 12 12 12 12
1494 12 12 12 12 12 12 12 12 12 12 12 12
1495 12 12 12 12 12 13 13 13 13 13 13 13
1496 12 12 12 12 12 12 12 12 12 12 12 12
1497 12 12 12 12 12 12 12 12 12 12 12 12
1498 12 12 12 12 12 12 12 12 12 12 12 12
1499 12 12 12 12 13 14 14 14 14 14 14 14
1500 12 13 14 14 15 16 16 16 16 16 16 16
1501 12 12 12 12 12 12 12 12 12 12 12 12
1502  9  9  9  9  9  9  9  9  9  9  9  9
1503 12 12 12 12 12 12 12 12 12 12 12 12
1504 12 12 12 12 12 12 12 12 12 12 12 12
1505 13 13 13 13 13 13 13 13 13 13 13 13
1506 12 12 12 12 12 12 12 12 12 12 12 12
1507 12 12 12 12 12 12 12 12 12 12 12 12
1508 12 12 12 12 12 12 12 12 12 12 12 12
1509 12 12 12 12 12 12 12 12 12 12 12 12
1510 12 12 12 12 12 12 12 12 12 12 12 12
1511 12 12 12 12 12 12 12 12 12 12 12 12
1512 12 12 12 12 12 12 12 12 12 12 12 12
1513 12 12 12 12 12 12 12 12 12 12 12 12
1514 12 12 12 12 12 12 12 12 12 12 12 12
1515 12 12 12 12 12 12 12 12 12 12 12 12
1516 12 12 13 15 16 17 17 17 17 17 17 17
1517 12 12 12 12 12 12 12 12 12 12 12 12
1518 12 12 13 13 14 15 15 15 15 15 15 15
1519 12 12 12 12 12 12 12 12 12 12 12 12
1520 12 12 12 12 13 14 14 14 14 14 14 14
1521 10 10 10 10 10 10 10 10 10 10 10 10
1522 10 10 10 10 12 12 12 12 12 12 12 12
1523 12 12 12 12 12 12 12 12 12 12 12 12
1524 12 12 12 12 12 12 12 12 12 12 12 12
1525 12 12 12 12 12 12 12 12 12 12 12 12
1526 10 10 12 12 12 12 12 12 12 12 12 12
1527 12 12 12 12 12 12 12 12 12 12 12 12
1528 10 10 10 10 10 10 10 10 10 10 10 10
1529 12 12 12 12 12 12 12 12 12 12 12 12
1530 13 14 14 15 15 15 15 15 15 15 15 15
1531 12 12 12 12 12 12 12 12 12 12 12 12
1532 12 12 12 12 12 12 12 12 12 12 12 12
1533 12 12 12 12 12 12 12 12 12 12 12 12
1534 12 12 12 12 12 12 12 12 12 12 12 12
1535 12 12 12 12 12 12 12 12 12 12 12 12
1536 12 12 12 13 13 13 13 13 13 13 13 13
1537 12 12 12 12 12 12 12 12 12 12 12 12
1538 12 12 12 12 12 12 12 12 12 12 12 12
1539 13 13 13 13 13 13 13 13 13 13 13 13
1540 12 12 12 12 12 12 12 12 12 12 12 12
1541 12 12 12 12 13 13 13 13 13 13 13 13
1542 12 12 12 12 12 12 12 12 12 12 12 12
1543 12 12 12 12 12 12 12 12 12 12 12 12
1544 11 12 12 12 12 12 12 12 12 12 12 12
1545 12 12 12 12 13 14 14 14 14 14 14 14
1546 12 12 12 12 12 12 12 12 12 12 12 12
1547 12 12 12 12 12 12 12 12 12 12 14 14
1548 12 12 12 12 12 12 12 12 12 12 12 12
1549 12 12 12 12 12 12 12 12 12 12 12 12
1550 12 12 12 12 12 12 12 12 12 12 12 12
1551 10 10 10 10 10 10 10 10 10 10 10 10
1552 11 11 11 11 11 12 12 12 12 12 12 12
1553 12 12 12 12 12 13 13 13 13 13 13 13
1554 12 12 12 12 12 12 12 12 12 12 12 12
1555 11 11 11 11 11 11 11 11 11 11 11 11
1556 12 12 12 12 12 12 12 12 12 12 12 12
1557 10 10 10 10 12 12 12 12 12 12 12 12
1558 12 12 12 12 13 14 14 14 14 14 14 14
1559 11 11 11 11 11 11 11 11 11 11 11 11
1560 12 12 12 13 14 15 15 15 15 15 15 15
1561 12 12 12 12 12 12 12 12 12 12 12 12
1562 10 10 10 10 10 10 10 10 10 10 10 10
1563 12 12 12 12 12 14 14 14 14 14 14 14
1564 12 12 12 12 12 12 12 12 12 12 12 12
1565 12 12 12 12 12 12 12 12 12 12 12 12
1566 12 12 12 12 12 12 12 12 12 12 12 12
1567 12 12 12 12 12 12 12 12 12 12 12 12
1568 12 12 12 12 12 12 12 12 12 12 12 12
1569 12 12 12 12 12 12 12 12 12 12 12 12
1570 10 11 11 11 11 11 11 11 11 11 11 11
1571 11 11 11 11 11 11 11 11 11 11 11 11
1572  7  8  9  9 11 11 11 11 11 11 11 11
1573  8  9 10 11 12 13 14 15 16 16 16 16
1574  7  8  9 10 11 12 12 12 12 12 12 12
1575 11 12 13 14 15 16 16 16 16 16 16 16
1576 10 10 10 10 10 10 10 10 10 10 10 10
1577 10 11 11 12 12 12 12 12 12 12 12 13
1578  8  9 10 11 12 13 14 15 15 16 16 16
1579 10 11 11 11 11 11 11 11 11 11 11 11
1580  7  8  9 10 11 12 13 13 13 13 13 13
1581  9 10 11 12 13 14 14 14 15 16 16 16
1582 10 11 12 13 14 15 16 16 16 16 16 16
1583  8  9 10 11 11 12 12 12 12 12 12 12
1584 11 12 13 14 14 14 14 14 14 14 14 14
1585 10 11 12 12 12 12 12 12 12 12 12 12
1586  9 10 11 12 12 12 12 12 12 12 12 12
1587  8  9 10 11 12 12 12 12 12 12 12 12
1588  8  9  9  9 12 13 14 15 16 16 16 16
1589  9 10 11 11 11 12 13 13 14 14 14 14
1590 12 12 12 12 12 12 12 12 12 12 12 12
1591  9 10 11 12 13 14 15 16 16 16 16 16
1592 10 11 12 12 12 12 12 12 12 12 12 12
1593  9 10 11 11 11 11 11 11 11 11 11 11
1594  9 10 11 12 12 12 12 12 12 12 12 12
1595  7  8  9 10 11 12 13 13 13 13 13 13
1596  9 10 11 12 12 12 12 12 12 12 12 12
1597  9 10 11 12 12 12 12 12 12 12 12 12
1598  9 10 11 12 12 12 12 12 12 12 12 12
1599 13 14 15 15 15 15 15 15 15 15 15 15
1600 12 13 14 15 16 16 16 16 16 16 16 16
1601 11 11 11 11 11 11 11 11 11 11 11 11
1602  9 10 10 11 11 11 11 11 11 11 11 11
1603 11 12 12 12 12 12 12 12 12 12 12 12
1604 13 13 14 14 14 14 14 14 14 14 14 14
1605 10 11 12 12 12 12 12 12 12 12 12 12
1606  8  9 10 11 12 13 14 14 14 14 15 15
1607  9 10 11 12 12 12 12 12 12 12 12 12
1608 10 11 12 12 12 12 12 12 12 12 12 12
1609 11 12 12 12 12 12 12 12 12 12 12 12
1610  8  9 10 11 12 13 14 15 17 17 17 17
1611  9 10 10 10 10 10 10 10 10 10 10 10
1612  8  8  8  8  8  8  8  8  8  8  8  8
1613 12 12 12 12 12 12 12 12 12 12 12 12
1614 12 12 14 14 14 14 14 14 14 15 15 15
1615 13 14 15 16 17 18 19 20 20 20 20 20
1616 10 10 10 10 10 10 10 10 10 10 10 10
1617  8  9 10 11 12 12 12 12 12 12 12 12
1618 12 12 12 13 13 14 15 16 16 16 16 16
1619 10 11 11 11 11 11 11 11 11 11 11 11
1620 12 13 14 15 16 16 16 16 16 16 16 16
1621  7  8  9 10 11 12 13 14 16 17 17 17
1622  8  9 10 11 12 12 12 12 12 12 12 12
1623  8  9 10 11 12 12 12 12 12 12 12 12
1624 12 13 14 15 16 17 18 19 20 20 20 20
1625  8  9 10 12 13 14 14 14 14 14 16 17
1626  8  9 10 11 12 12 13 14 15 16 16 16
1627  8  9 10 11 11 11 11 11 11 11 11 11
1628 11 12 12 12 12 12 12 12 12 12 12 12
1629  9 10 11 12 13 14 15 16 16 16 16 16
1630  8  9 10 11 11 11 11 11 11 11 11 11
1631 11 12 12 12 12 12 12 12 12 12 12 12
1632  7  8  9 10 11 12 12 12 12 12 12 12
1633  8  8  8  8  8  8  8  8  8  8  8  8
1634  7  8  9 11 11 11 11 11 11 11 11 11
1635  8  9 10 11 12 13 13 13 13 13 13 13
1636  9  9  9  9  9  9  9  9  9  9  9  9
1637 11 11 11 11 11 11 11 11 11 11 11 11
1638 10 11 12 12 12 12 12 12 12 12 12 12
1639  9 10 11 11 11 11 11 11 11 11 11 11
1640  9 10 11 12 12 12 12 12 12 12 12 12
1641  9  9  9  9  9  9  9  9  9  9  9  9
1642 11 12 12 12 12 12 12 12 12 12 12 12
1643  8  9 10 11 12 12 12 12 12 12 12 12
1644 10 11 12 12 12 12 12 12 13 14 15 15
1645  8  9 10 10 10 10 10 10 10 10 10 10
1646  8  9 10 11 12 12 12 12 12 12 12 12
1647  6  7  7  7  7  7  7  7  7  7  7  7
1648 13 13 14 15 16 17 18 19 19 19 19 19
1649 10 11 12 13 14 15 16 16 16 16 16 16
1650 11 11 12 12 12 12 12 12 12 12 12 12
1651 10 11 12 12 13 14 15 16 16 16 16 16
1652  8  9 10 11 12 13 14 15 15 15 15 15
1653 11 12 12 12 12 12 12 12 12 12 12 12
1654 12 12 12 12 12 12 12 12 12 12 12 12
1655  9  9  9 10 12 12 12 12 12 12 12 12
1656  6  6  6  6  6  6  6  6  6  6  6  6
1657  8  8  8  8  8  8  8  8  8  8  8  8
1658  6  7  8  8  8  8  8  8  8  8  8  8
1659 10 10 10 10 10 10 10 10 10 10 10 10
1660 12 12 12 12 12 12 12 12 12 12 12 12
1661  9  9  9  9  9  9  9  9  9  9  9  9
1662  7  7  7  7  7  7  7  7  7  7  7  7
1663  8  8  8  8  8  8  8  8  8  8  8  8
1664 12 12 12 12 12 12 12 12 12 12 12 12
1665  9 10 11 12 13 14 14 14 14 14 14 14
1666 12 12 12 12 12 12 12 12 12 12 12 12
1667  8  9  9  9  9  9  9  9  9  9  9  9
1668  9 10 11 11 11 11 11 11 11 11 11 11
1669  6  7  8  9 10 10 10 10 10 10 10 10
1670 11 11 11 11 11 11 12 12 12 12 12 12
1671  9 10 11 12 12 12 12 12 12 12 12 12
1672  9 10 11 12 12 12 12 12 12 12 12 12
1673  8  9 10 11 12 12 12 12 12 12 12 12
1674  7  8  8  8  8  8  8  8  8  8  8  8
1675 10 10 10 10 12 12 12 12 12 12 12 12
1676 14 15 16 16 16 16 17 18 18 19 19 19
1677  6  7  7  8  9  9  9  9  9  9  9  9
1678  9 10 11 12 12 12 12 12 12 12 12 12
1679 10 11 12 13 13 13 13 13 13 13 13 13
1680  8  9 10 11 12 14 14 14 14 14 14 14
1681  7  8  9 10 11 12 12 12 12 12 12 12
1682  9 10 10 10 10 10 10 10 10 10 10 10
1683 11 11 11 11 11 11 12 12 12 12 12 12
1684 12 12 12 12 12 12 12 12 12 12 12 12
1685 11 12 13 13 13 13 13 13 13 13 13 13
1686  8  8  8  8 11 11 11 11 11 11 11 11
1687  8  9 10 11 11 11 11 11 11 11 11 11
1688 11 12 12 12 12 12 12 12 12 12 12 12
1689 10 10 10 10 10 10 10 12 12 12 12 12
1690  8  9 10 11 12 12 12 12 12 12 12 12
1691  9 10 11 12 13 14 15 16 17 18 18 18
1692 10 10 10 10 10 10 10 10 10 10 10 10
1693  8 10 10 11 12 12 12 12 12 12 12 12
1694  9  9  9  9  9  9  9  9  9  9  9  9
1695 12 12 12 12 12 12 12 12 12 12 12 12
1696  8  9 10 11 12 12 12 12 12 12 12 12
1697 12 12 12 12 12 12 12 12 12 12 12 12
1698 10 10 10 12 12 12 12 12 12 12 12 12
1699 10 10 10 10 10 10 10 10 10 10 10 10
1700 12 12 12 12 12 12 12 12 12 12 12 12
1701 12 12 12 12 12 12 12 12 12 12 12 12
1702 12 12 12 12 12 12 12 12 12 12 12 12
1703 12 12 12 12 12 12 12 12 12 12 12 12
1704 12 12 12 12 12 12 12 12 12 12 12 12
1705 11 12 12 12 12 12 12 12 12 12 12 12
1706 10 10 10 10 10 10 10 10 10 10 10 10
1707 12 12 12 12 12 12 12 12 12 12 12 12
1708 12 12 12 12 12 13 13 13 13 13 13 13
1709 12 12 12 12 12 12 12 12 12 12 12 12
1710 10 12 12 12 12 12 12 12 12 12 12 12
