   1 12 12  1  1  1  70161.04  0 99
   2 12 12  1  1  0  17043.12  0 33
   3 12 10  4  1  0  34078.22  0 55
   4 12 12  1  1  1  44101.23  0 83
   5 12 12  2  1  1  88202.45  0 94
   6 12 12  2  1  1  88202.45  0 66
   7 16 17  2  1  0  60138.04  0 96
   8 13 12  5  1  1  42096.63  0 15
   9 12 12  4  1  0  44101.23  0 35
  10 10 12  2  1  0  11025.31  0 38
  11 10 12  3  1  0  11025.31  0 45
  12 14 12  1  1  1  42096.63  0 20
  13 12 16  1  1  1  64925.02  0 78
  14 12 12  3  1  0  18041.41  0 36
  15 12 14  6  0  1  16036.81  0 89
  16 12 16  2  0  1 100230.06  0 68
  17 12 12  3  1  1  74170.25  0 95
  18 15 12  3  1  1  74170.25  0 79
  19 17 16  1  1  1  80184.05  0 72
  20 16 16  2  1  0  50115.03  0 64
  21 16 18  2  1  1  70161.04  0 97
  22 12  9  1  1  1  22050.61  0 98
  23 11  9  2  1  1  50115.03  0 67
  24 11  8  2  1  1  50115.03  0 99
  25 16 12  2  0  1 120276.07  0 98
  26 11 10  1  1  1  24055.21  0 63
  27 14 15  7  1  1  60138.04  0 72
  28 12 12  1  1  1  30069.02  0 34
  29 13 14  3  1  1  90207.06  0 73
  30 16 16  4  1  1  80184.05  0 69
  31 12 12  3  1  1  24055.21  0 51
  32 12 12  3  1  1  24055.21  0 74
  33 12 12  2  1  0  44101.23  0 64
  34 12 12  3  1  1  36082.82  0 34
  35 16 18  2  1  1  48110.43  0 63
  36 10 12  3  1  1  40092.02  0 64
  37 10  7  2  1  0  10023.01  0 60
  38 12 12  2  1  1  17666.55  0 49
  39 12 12  3  1  1  46105.83  0 35
  40 12 12  2  1  1  60138.04  0 37
  41 16 17  2  1  1  52119.63  0 74
  42 12 12  1  1  1  56128.83  0 49
  43 20 16  1  1  1 140322.09  0 93
  44 16 17  1  1  1  60138.04  0 63
  45 12 12  2  1  1 130299.08  0 25
  46 16 16  1  0  1   8619.79  0 73
  47  9 10  2  1  0  26059.82  0 15
  48 12 12  2  1  1  40092.02  0 50
  49 12  8  2  0  1  38087.42  0 28
  50 10 14  3  0  1  58133.44  0 51
  51 10 15  3  1  1  58133.44  0 19
  52 12 12  3  0  1  32073.62  0 52
  53 11 11  6  1  1  20046.01  0 11
  54 12 12  3  0  1  25257.98  0 71
  55 12 12  3  0  1  30069.02  0 64
  56 13  8  4  1  0  12027.61  0 63
  57 16  8  4  1  0  14032.21  0 12
  58  8 12  2  1  0  28064.42  0 17
  59 11  9  2  1  1  36082.82  0 49
  60 12 12  2  1  1  39490.64  0 66
  61 12 18  3  1  1  54124.23  0 89
  62 12 12  4  1  1  42096.63  0 29
  63  8 12  2  1  1  36082.82  0 14
  64 12 13  4  0  1  23052.91  0 58
  65 15 18  6  1  0  11626.69  0 87
  66 12 14  1  1  1  50115.03  0 46
  67 13 13  3  1  1  50115.03  0 83
  68 12 12  1  1  0  28064.42  0 21
  69 12 12  5  1  1  76174.85  0 27
  70 12  8  4  1  1  60138.04  0 21
  71 11 10  3  1  1  34078.22  0 29
  72 12 12  2  1  1  90207.06  0 13
  73 12 12  3  1  1  60138.04  0  9
  74 12 12  3  1  1  60138.04  0 60
  75 12 16  3  1  1  34078.22  0 91
  76 12  8  2  1  1  30670.40  0 49
  77 12 12  4  1  1  98225.46  0 38
  78 12 12  4  1  1  98225.46  0 38
  79 12 12  3  1  1  50115.03  0 52
  80 12 14  3  1  1  80184.05  0 34
  81 12 18  2  1  1  66151.84  0 77
  82  4  4  2  1  1  60679.28  0 11
  83 12 12  2  1  1  17039.11  0 89
  84 11 12  3  1  1  58133.44  0 67
  85 12 12  5  1  1  70161.04  0 89
  86 12 12  5  0  0  32073.62  0 68
  87 11 12  2  0  1  40092.02  0 12
  88 11 12  2  0  1  40092.02  0 59
  89 14 11  7  1  1  58133.44  0 26
  90 16 20  2  1  1 126289.88  0 99
  91 12 12  4  1  1  80184.05  0 94
  92 12 11  2  1  1  38087.42  0  3
  93  8  8  4  1  1  30069.02  0 50
  94 12 12  0  0  1  60138.04  0 54
  95 12  9  1  0  1  36082.82  0  4
  96 16 14  1  0  1  20046.01  0 89
  97 14 16  1  0  1  80184.05  0 69
  98 12 12  3  0  0  20046.01  0  3
  99 12 12  4  0  1  60138.04  0 31
 100 12 12  4  0  1  60138.04  0 17
 101 12 12  1  1  1  60138.04  0 73
 102 12 14  2  1  1  74170.25  0 52
 103 15 14  2  1  1  71163.34  0 64
 104 12 18  2  1  1  80184.05  0 90
 105  8  6  4  1  0  10103.19  0  9
 106 12 12  1  1  1  48110.43  0 59
 107 12 10  4  1  1 104239.26  0 17
 108 12 14  2  1  1  48110.43  0 30
 109 12 18  3  1  1  60138.04  0 72
 110 12 12  3  1  1  92211.66  0 49
 111 14  9  3  1  1  52119.63  0 25
 112 12 12  2  1  1  64147.24  0 73
 113  9 10  4  1  1  24055.21  0 27
 114  8  7  9  1  1  24055.21  0  2
 115  8  8  3  1  0  22050.61  0 25
 116 12 16  7  1  1  70161.04  0 99
 117 12 16  7  1  0  70161.04  0 72
 118 12 13  1  1  1  90207.06  0 63
 119 12 12  5  1  1  90207.06  0 39
 120 12 12  5  1  1  90207.06  0 44
 121 12 12  3  1  1  50115.03  0 63
 122 12 12  1  1  0  34679.60  0 95
 123 16 16  3  1  1  48110.43  0 60
 124 11 12  5  1  1  70161.04  0 36
 125 11 14  5  1  1  70161.04  0 50
 126 15 16  7  1  1  66151.84  0 87
 127 16 16  7  1  1  60138.04  0 20
 128 16 12  1  1  0  22050.61  0 25
 129  9  9  3  1  1  54124.23  0  2
 130 10  9 12  0  0  12147.88  0 23
 131 12 12  2  0  1  54124.23  0 35
 132 12 15  1  0  1  50115.03  0 58
 133 12 15  1  0  1  50115.03  0 46
 134 13 14  2  1  1  56128.83  0 12
 135 12 14  2  1  1 150347.10  0 85
 136 12 18  1  1  1  80184.05  0 49
 137 16 13  0  1  0  40092.02  0 94
 138 12 16  5  1  1   8018.40  0 46
 139 12 16  1  1  1  40092.02  0 60
 140 13 12  2  1  1  70161.04  0  4
 141 12 10  2  1  1  70161.04  0 64
 142 11  8  4  1  1  48110.43  0 74
 143 12 12  2  1  1  60138.04  0 27
 144 12 12  2  1  1  60138.04  0 76
 145 12 12  2  1  1  20046.01  0  9
 146 12 12  2  1  1  20046.01  0 22
 147 11 10  0  1  1  36082.82  0 28
 148  9  9  4  1  0  20046.01  0 28
 149  8  8  4  1  0  50115.03  0 35
 150 12  9  2  0  1  28162.64  0 17
 151 12  9  3  0  1  60138.04  0 23
 152  8  6  5  1  1  40092.02  0  8
 153 11 12  6  1  0 120276.07  0 53
 154 17 19  1  0  1  80184.05  0 96
 155  9 15  3  1  0  26059.82  0 11
 156 14 12  1  1  1  52520.55  0 50
 157 13 14  3  1  1      0.00  0 16
 158 14  8  4  1  0  77177.15  0 16
 159 12 12  3  1  1  38087.42  0 12
 160 12 12  1  1  1  70161.04  0 40
 161 10 12  4  1  1  52119.63  0 42
 162 12 13  2  1  1  46105.83  0 96
 163 12 13  2  1  1  46105.83  0 75
 164 12 13  2  1  1  46105.83  0 59
 165  8  7  4  1  1  36082.82  0 49
 166 12 11  2  1  1  48110.43  0 62
 167 12 12  1  1  0  11025.31  0 99
 168 12 13  0  0  1  90207.06  0 47
 169 11 12  2  0  1  80184.05  0 95
 170 11 12  2  0  1  80184.05  0 73
 171 12 12  4  1  1  52119.63  0 37
 172 11  6  5  0  1  40092.02  0 21
 173 12 12  3  1  1  60138.04  0 18
 174 12 12  3  1  1  60138.04  0 69
 175 12 14  0  1  1  60138.04  0 65
 176 16 16  2  1  1 100230.06  0 46
 177 13 11  3  1  1  34078.22  0 18
 178 13 12  1  1  0  15936.58  0 59
 179 12 12  3  1  1  70161.04  0 91
 180 12 12  4  1  0  50115.03  0 22
 181 11 12  4  1  0  50115.03  0 64
 182 12 16  3  1  1 120276.07  0 41
 183  9 12  5  1  1  30069.02  0  7
 184 12 13  5  1  1  30069.02  0 51
 185 16 17  4  0  1  60138.04  0 70
 186 16 17  4  1  1  60138.04  0 84
 187 16 16  6  1  1  80184.05  0 81
 188 16 16  6  1  1  76174.85  0 59
 189 14 14  3  0  0  24556.37  0 26
 190 12 14  4  1  1  80184.05  0 91
 191 12 14  4  1  1   8924.48  0 60
 192 13 16  1  1  1  50115.03  0 76
 193 12 12  4  1  1  40092.02  0 75
 194 12 12  4  0  1  40092.02  0 67
 195 10 13  3  1  1  56128.83  0 29
 196 12 12  3  1  1  34078.22  0 89
 197 12 12  3  1  1  34078.22  0  8
 198 10 11  6  1  1  42096.63  0 60
 199 12 13  2  1  1  58133.44  0 85
 200 12 12  2  1  1  40092.02  0 56
 201 12 12  6  1  1  50115.03  0 75
 202 12 12  6  1  1  50115.03  0 23
 203 12 12  3  1  1  70161.04  0 44
 204 12 12  1  1  1  40092.02  0 47
 205 12 12  1  1  1  40092.02  0 72
 206 11 12  9  1  1  40092.02  0 24
 207 12 12  3  0  1  36082.82  0 30
 208 12 12  2  0  1  50115.03  0 62
 209 12 12  2  0  1  50115.03  0 48
 210 12 12  6  1  1  42096.63  0 21
 211 15 16  3  1  1 150347.10  0 83
 212 15 16  3  1  1 150347.10  0 81
 213  8 10  6  0  1  40092.02  0 46
 214 12 12  4  0  1  66151.84  0 59
 215 12 12  2  0  1  42096.63  0 60
 216 12 20  7  1  1  18843.25  0 41
 217 13 12  6  1  1  70161.04  0 65
 218 12 16  8  1  1  14052.25  0 64
 219 14  8  0  1  0  26879.70  0 82
 220 12 11  4  1  0  26380.55  0 34
 221 12 15  2  1  1  34078.22  0 28
 222 12 12  1  1  1  49914.57  0 47
 223 12 16  3  1  1  30069.02  0 52
 224 10 12  2  1  1  36082.82  0 65
 225 12 12  0  1  1  46105.83  0 35
 226  9  8  3  1  1  50115.03  0 70
 227 14 14  6  1  1  12027.61  0 34
 228 12 16  6  1  0  13731.52  0  1
 229 12  9  2  1  1  40092.02  0  5
 230 16 12  1  1  1  60138.04  0 53
 231  8 12  2  0  1  50115.03  0 90
 232 12 12  3  1  1  60138.04  0 89
 233 12 12  3  0  1  60138.04  0 63
 234 12 12  4  0  1  20647.39  0 82
 235 16 16  3  1  1 102234.66  1 55
 236  8 12  1  0  1  50115.03  1 53
 237  8 10  2  1  1  26059.82  1  6
 238  8  5  8  0  1  34078.22  0 43
 239 16 16  4  1  1  74170.25  1 83
 240 12 16  2  1  1 100230.06  1 75
 241 13 12  3  1  1  50115.03  1 53
 242 16 20  4  1  1 120276.07  1 79
 243 12 16  2  1  1  80184.05  1 84
 244 12 18  3  1  0  16036.81  1 11
 245 12 14  3  1  1  20046.01  1 54
 246 12 18  2  1  1  66151.84  1 47
 247 16 17  2  1  1  80184.05  1 83
 248 16 16  2  1  1  60138.04  1 93
 249 12 12  2  1  1  40092.02  1 75
 250  9  9  6  1  0  34078.22  1 13
 251 12 12  1  0  1  38087.42  1 28
 252 11 11  3  1  1  25007.40  1 73
 253 12 12  1  1  1  36082.82  1 18
 254 12 12  2  1  1  36082.82  1 60
 255 12  9  2  1  1  44101.23  1 56
 256 10 14  2  1  1  44101.23  1  8
 257 12  0 15  0  1  16397.64  1 38
 258 14 17  1  0  1  80184.05  1 49
 259  6  3  1  0  1  28064.42  1  3
 260  8 14  5  1  1  23052.91  1 57
 261 12  8  3  0  1  24055.21  1 75
 262 12  8  3  1  1  22050.61  1 58
 263 11 12  2  1  1  30069.02  1 27
 264 12 12  1  1  1  46105.83  1 38
 265 12 12  3  1  1  46105.83  1 40
 266 12 16  7  0  1 150347.10  0 84
 267 12 16  7  1  1 150347.10  1 84
 268 12 16  3  0  1  24115.35  1 69
 269 12 10  1  1  1  48110.43  1 31
 270  9 12  4  1  1  31849.10  1 18
 271 12 12  2  1  1  10023.01  1 41
 272 12 14  2  0  1  40092.02  1 63
 273 10 20  3  1  1 100230.06  1 39
 274 12 12  3  0  1  40092.02  1 26
 275  6  4  5  1  0  12428.53  1  2
 276 12 11  2  0  0  50115.03  1 26
 277 12 12  4  1  1  60138.04  1 46
 278 13 17  2  1  1 120276.07  1 94
 279 16 16  3  1  1  90207.06  1 85
 280 16 18  1  1  0  16036.81  1 78
 281 14 16  3  1  1  40092.02  1 98
 282 13 12  1  1  1   8018.40  1 94
 283 16 14  2  1  1  61140.34  1 18
 284 12 11  2  1  1 100230.06  1 40
 285 12  7  4  0  1   7617.48  1 14
 286 12 10  4  1  1  49714.11  0 13
 287 12 13  5  1  0  26059.82  0 55
 288 12 14  4  1  1  59937.58  0 59
 289 12 14  3  1  1  50115.03  0 25
 290 12 18  1  1  1  44101.23  0 26
 291 13 14  2  1  1  80184.05  0 69
 292 12 15  3  1  1  80184.05  0 81
 293 12 12  4  1  1  58133.44  0 58
 294 12 12  3  1  1  64147.24  0 15
 295 16 13  1  1  1  60138.04  0 46
 296 11 11  3  1  1  28064.42  0 26
 297 11 11  3  1  1  28064.42  0 30
 298 12 12  6  1  1  48110.43  0 35
 299 10 12  1  1  1  30069.02  0 56
 300 12 12  2  1  1  30069.02  0 49
 301 12 12  2  1  1  30069.02  0 41
 302 13 13  5  1  1  33855.71  0 57
 303 12 12  2  1  0  40092.02  0 66
 304 12 12  3  1  1  22451.53  0 62
 305 12 12  3  1  1  22451.53  0 43
 306 12 12  5  1  1  38087.42  0 65
 307 12  8  4  1  1 100230.06  0 59
 308 14 18  2  1  1  46105.83  0 75
 309 16 14  3  1  1  46105.83  0 98
 310 16 14  3  1  1  46105.83  0 24
 311 12 12  3  1  1  33677.30  0 55
 312 12 16  3  1  1  46105.83  0 98
 313 12 16  3  1  1  46105.83  0 96
 314 12 12  6  1  1  42012.43  0 39
 315 12 12  6  1  1  42012.43  0 40
 316 16 16  1  1  1  60138.04  0 49
 317 12 12  6  1  1 120276.07  0 49
 318 12 12  3  1  0  16036.81  0 40
 319 18 18  1  1  1  90207.06  0 94
 320 14 12  3  1  1  90207.06  0 58
 321 12 12  1  1  1  50115.03  0 41
 322 12 12  4  1  1  30069.02  0 73
 323 12 12  3  1  1  28064.42  0 32
 324 12 12  3  1  1   9622.09  0 46
 325 20 20  1  1  1  70161.04  0 78
 326 12 12  2  0  1  76174.85  0 13
 327 16 16  2  0  1 120276.07  0 74
 328 12 10  2  1  0   6735.46  0 17
 329 11 11  0  1  1   8018.40  0 65
 330 12 12  2  1  1  36082.82  0 62
 331 13 15  1  1  1  17640.49  0 59
 332 12 12  1  1  1  54124.23  0 47
 333 12 14  3  1  0  44101.23  0 57
 334 12 16  5  1  1  80184.05  0 65
 335 12 12  2  1  1 150347.10  0 47
 336 12 12  2  1  1 150347.10  0 49
 337 12 12  5  1  1  32915.55  0 50
 338 10 12  1  1  1  38087.42  0 84
 339 12 12  4  1  1  50115.03  0 30
 340  8  8  3  0  1  47100.11  0 14
 341 12 12  1  1  1  44101.23  0 95
 342 12 12  2  1  1  54124.23  0 34
 343 12 12  2  1  1  30069.02  0 62
 344 12 12  2  1  1  80184.05  0 44
 345  8  9  3  1  0  20046.01  0  4
 346  8  9  3  1  0  20046.01  0 40
 347  8  9  3  1  0  20046.01  0  9
 348 12 12  2  1  0  18372.17  0 49
 349 12 14  3  1  1  62944.48  0 36
 350 10  9  3  1  1  30069.02  0 20
 351 11 12  2  0  0   5897.54  0 62
 352 12 12  1  0  1  50115.03  0 58
 353 16 16  2  0  1  67514.97  0 57
 354 12 12  1  0  1  18041.41  0 13
 355 12 12  2  0  1  44101.23  0 70
 356 12 12  2  0  1  44101.23  0 33
 357 13 16  2  0  1  84193.25  0 46
 358 11 16  3  0  0  32073.62  0 34
 359 12 12  2  1  0  35080.52  0 79
 360 12 12  1  1  1  40092.02  0 90
 361 12 11  1  0  1   5412.42  0 83
 362 12 16  1  0  1  20046.01  0 63
 363 12 15  2  0  1  46105.83  0 37
 364 12 16  1  0  1  34078.22  0 82
 365 13 13  5  0  1  30069.02  0 72
 366  8  9  4  1  1  28064.42  0 25
 367 12 12  2  1  1  50115.03  0 73
 368 17 14  3  1  1  30069.02  0 76
 369 12 14  1  0  1  44101.23  0 34
 370 12 12  4  0  1  44101.23  0 58
 371 12 12  2  0  1  48110.43  0 24
 372 12 12  2  0  1  48110.43  0 15
 373 10  9  1  0  0  12027.61  0  6
 374 12 12  3  0  1  70161.04  0 38
 375 12  4  4  1  0  21649.69  0  8
 376 12  3  4  1  0  21649.69  0 15
 377 11 12  2  1  1  42096.63  0 67
 378 12 16  2  1  1 100230.06  0 80
 379 12 12  0  1  1  52119.63  0 80
 380 12 14  3  1  1  48110.43  0 67
 381  7  8  5  1  0   4209.66  0  3
 382 12  9  3  1  1  56128.83  0 54
 383 12 11  3  1  1  56128.83  0 80
 384 12 11  3  1  1  56128.83  0 16
 385 17 20  1  1  1  36082.82  0 92
 386 11 11  6  1  1   2806.44  0 71
 387 16 12  2  1  1  14990.41  0 84
 388 12 14  2  1  0  28064.42  0  1
 389 12 15  2  1  0  28064.42  0 15
 390 12 12  1  1  1  52119.63  0 73
 391 11  9  3  1  1  36082.82  0 67
 392 13 17  1  1  1  40092.02  0 88
 393 12 12  5  1  1  58133.44  0 73
 394 12 12  5  1  1  58133.44  0 47
 395 13  8  4  1  0  10113.21  0 24
 396 12  7  3  0  1  12027.61  0 11
 397 12 12  3  1  1  62142.64  0 81
 398 12 12  2  1  1  30069.02  0 58
 399 12 13  2  1  0  14032.21  0 35
 400 12 12 11  1  0  31071.32  0 38
 401 14 16  3  1  1  50115.03  0 90
 402  5  6  2  1  1  16036.81  0  1
 403 12 12  1  1  1  44101.23  0 46
 404 12 12  6  1  1  48110.43  0 36
 405 12 12  6  1  1  48110.43  0 49
 406 12 12  6  1  1  48110.43  0 21
 407 12 12  6  1  1  48110.43  0 16
 408 11  5 10  1  1  16036.81  0  5
 409 11  5 10  1  1  16036.81  0 10
 410 12 12  3  1  1  62142.64  0 99
 411 12 12  1  1  1  50115.03  0 60
 412 12 12  1  1  1  50115.03  0 81
 413 12 14  2  1  1  70161.04  0 57
 414 14 14  6  0  1  44101.23  0 91
 415 12 14  6  0  1  44101.23  0 80
 416 10 12  2  0  1  74170.25  0 99
 417 12 12  3  1  1  60138.04  1 23
 418 10  8  0  1  0  28064.42  1 12
 419 12 16  5  0  1  20046.01  1 55
 420 12 13  1  1  1  44101.23  1 90
 421 12 12  2  1  1  56128.83  1 71
 422 12 10  0  1  1  50115.03  1 35
 423 14 14  2  1  1  70161.04  1 93
 424 13  9  1  0  1  42096.63  1 40
 425 12 11  0  0  1  40092.02  1 60
 426 12 16  3  0  1  64147.24  1 71
 427  3  8  3  0  1  21248.77  1 35
 428 11 10  4  0  0  20591.26  1 82
 429 12 14  1  1  1  36082.82  1 34
 430 12 14  1  1  1  36082.82  1 23
 431  6  6  2  1  0  19422.58  1 13
 432 12  6  2  0  1  20046.01  1 42
 433 12 12  1  0  1  46105.83  1 71
 434 11 12  0  1  0  16036.81  1 79
 435 14  9  2  1  1  27863.96  1 52
 436 14 16  2  1  1  80184.05  1 67
 437 12 10  1  0  1  32715.09  1 41
 438 10 10  2  1  1  16036.81  1 33
 439 12 18  2  1  1  70161.04  1 84
 440 12  8  1  0  1  36082.82  1 50
 441 12 12  1  0  1  24055.21  1 34
 442  9  8  5  0  1  13029.91  1  4
 443 17 16  1  1  1  80184.05  1 94
 444 16 16  5  0  1  44101.23  1 76
 445 16 16  5  1  1  42096.63  1 89
 446  9  9  5  0  1  24055.21  0  8
 447  9  9  5  1  1  24055.21  0  1
 448 12 12  2  1  1  21248.77  1 99
 449  8  8  6  0  1  24055.21  1 12
 450 12 11  0  0  1  30069.02  1 16
 451 12 12  2  1  1  40092.02  1 24
 452 10 12  2  1  1  38087.42  1 27
 453 10 12  2  1  1  38087.42  1 38
 454 10 12  3  1  1  30069.02  1 58
 455  9  7  4  0  1  48110.43  1 35
 456 12 12  3  0  1  40092.02  1 85
 457 12 12  1  0  1  84193.25  1 11
 458 12 12  3  1  0  40041.91  1 22
 459 16 12  6  0  0   8018.40  0 84
 460 12 10  1  0  1  42096.63  0 59
 461 12 12  3  1  0  24055.21  1 50
 462 12 12  3  1  0  24055.21  0 75
 463 16 12  5  1  1  77578.07  0 20
 464 12 15  2  1  0  32201.91  0 91
 465 13  8  2  0  1  18041.41  0 11
 466 12  4  3  0  1  42096.63  0  9
 467 12  4  3  0  1  42096.63  0 32
 468 16 18  2  0  1  27062.12  0 99
 469 16 20  2  0  1  27062.12  0 92
 470 12 16  6  1  1  76174.85  0 83
 471 12 16  6  1  1  76174.85  0 64
 472 11 11  2  1  1  38087.42  0 42
 473 12 12  3  1  1  29607.96  0 65
 474 12 12  2  0  1  30069.02  0 23
 475 15 13  4  0  1  50115.03  0 94
 476 15 12  4  0  1  50115.03  0 99
 477 12 12  5  1  1  26059.82  0 18
 478 12 12  4  1  1  26059.82  0 62
 479 13 10  1  1  0  28064.42  0 59
 480 10 12  5  1  1  50115.03  0 69
 481 10 12  5  1  1  50115.03  0  9
 482 18 19  1  1  0  15034.51  0 53
 483 10 11  2  1  1  42096.63  0 53
 484 12 12  4  1  1  54124.23  0 70
 485 12 12  3  0  0  25658.90  0 69
 486 12 11  2  1  0  25458.44  0 45
 487 12 12  2  1  0  34278.68  0 12
 488 12 12  2  0  1  40092.02  0 82
 489 12 12  4  1  1  89481.39  0 38
 490 12 12  3  1  1  14192.58  0 38
 491 12 12  3  0  1  89481.39  0 30
 492 12  9  2  1  1  27062.12  0 84
 493  8  8  0  1  1  48110.43  0 68
 494  8  8  4  1  0  22050.61  0 21
 495 12 12  2  1  0  25257.98  0 13
 496 12  9  5  1  1  20543.15  0 69
 497 12 12  1  0  1  42192.85  0 46
 498 12 12  2  1  1  50115.03  0 91
 499 11  9  3  1  0  14858.10  0  5
 500 12 12  2  1  1  40092.02  0 67
 501 12 12  3  1  1  52119.63  0 57
 502  8  8  3  0  1   9020.71  0 30
 503 12 12 10  0  1  12027.61  0 12
 504 12 12  1  0  1  16576.05  0 84
 505  8  2 12  0  1  27663.50  1 10
 506  8  2 12  0  1  27663.50  1 35
 507  8  2 12  0  1  27663.50  1  5
 508 10  8  3  0  1  14032.21  1 42
 509  8  6  7  1  1  18041.41  1  4
 510 14  8  1  1  1  16036.81  1 91
 511  8  7  3  0  1  26059.82  1 42
 512  9  8  4  0  1  24055.21  1 64
 513 12 12  2  0  1  32073.62  1 45
 514 12 10  2  0  1  40092.02  1 84
 515 12  8  1  1  1  54124.23  1 64
 516 12  8  1  1  1  54124.23  1 22
 517  9 12  3  1  0  30069.02  1 18
 518 12 10  3  0  1  24055.21  1 85
 519 12 12  3  1  0  25057.52  1  5
 520 11 12  2  0  1  42096.63  1 67
 521 12 12  2  1  0  17239.57  1 59
 522 12 13  2  0  0  24055.21  1 99
 523 12 12  1  1  1  25057.52  1 97
 524 16 18  1  0  1  42096.63  1 84
 525 12 14  3  1  0  37636.39  1 86
 526 18 19  2  0  1  34479.14  0 92
 527 12 14  1  0  1  60138.04  1 89
 528 12 16  1  1  1  44101.23  1 87
 529 12 10  0  1  1  52119.63  1 80
 530  5  5  2  0  1  24055.21  1 32
 531 11 12  2  1  1  64147.24  1 72
 532 12 10  3  1  1  48110.43  1 53
 533 12 12  5  0  0  14284.79  1 30
 534 12 12  2  0  1  46105.83  1 45
 535  9 10  2  0  1  14032.21  1 73
 536  9 10  2  1  1  14032.21  1  8
 537  5  8  5  0  1  46105.83  1 65
 538  9  9  3  0  1  34078.22  1 15
 539  9 10  2  0  1   3608.28  1  2
 540 12  5  2  0  1   3111.14  1 35
 541  9 10  2  1  1  31171.55  1 70
 542 12 12  1  1  1  79003.34  1 89
 543 10 12  3  0  1  44101.23  1 22
 544  7 12  0  0  1  36082.82  1 18
 545  9 12  3  1  1  22451.53  0 56
 546 14  8  0  1  0  33075.92  0 46
 547 12 11  1  1  1  51117.33  0 23
 548 12  8  2  1  1  30069.02  0 94
 549 12 10  2  1  1  46105.83  0 82
 550 12 10  1  1  1  54124.23  0 97
 551 17 20  3  1  1  24055.21  0 99
 552 16 20  2  1  1  90207.06  0 93
 553 12 12  6  0  1  80184.05  0 42
 554 12 13  6  0  1  80184.05  0 71
 555 12 13  2  1  1  60138.04  0 67
 556 14 15  1  0  1  40092.02  0 99
 557 11 12  5  1  1  24055.21  0 57
 558 15 16  5  0  1  60138.04  0 79
 559 15 16  5  1  1  60138.04  0 44
 560 10  9  4  1  0  10023.01  0 13
 561 16 18  3  1  1 100230.06  0 44
 562 16 17  3  1  1 100230.06  0 82
 563 15 16  1  1  1 150347.10  0 96
 564 16 16  2  1  1 150345.09  1 91
 565 17 17  2  1  1 106243.87  0 79
 566 16 17  2  1  1 106243.87  0 87
 567 12 12  6  1  0 150347.10  0 42
 568 12 14  6  1  1  40092.02  0 27
 569 17 12  3  1  0  60138.04  0 90
 570 16 12  2  1  1  45103.53  0 55
 571 14 16  2  0  1 150347.10  0 92
 572 12 14  3  1  1  66151.84  0 51
 573  7 12  1  0  0  10454.00  0 30
 574 12  7  4  1  1  30069.02  0  4
 575 14 16  3  1  1  70161.04  0 54
 576 12 16  5  0  1  60138.04  0 46
 577 16 16  1  1  1  50115.03  0 57
 578  7 12  2  1  1  58133.44  0 39
 579 12 12  4  1  1  33075.92  0 15
 580 12 12  2  1  1  20046.01  0 71
 581 12 14  3  1  1  42497.55  0 52
 582 12 12  6  1  1  32073.62  0 24
 583 16 18  3  1  0 120276.07  0 87
 584 13 18  3  1  1 120276.07  0 99
 585 13 18  3  1  0 120276.07  0 89
 586 16 16  1  1  1  46105.83  0 76
 587 12 12  1  1  1 100230.06  0 87
 588 12 12  3  1  1  70161.04  0 77
 589 11 11  4  1  1  98225.46  0 73
 590  8  8  3  1  1  72165.64  0 79
 591 12 12  2  1  1  32073.62  0 89
 592 12 12  5  1  1  84193.25  0 56
 593  8  8  1  1  1  56128.83  0 14
 594 16 14  4  1  1  80184.05  0 49
 595 12 15  6  1  1  73368.40  0 78
 596 11 11  4  1  1  46105.83  0 76
 597 12 12  1  1  1  27463.04  0 74
 598 12  8  2  1  0  50115.03  0 14
 599  8  8  2  1  1  43098.93  0 80
 600 11 11  6  0  1  21248.77  0 30
 601 12 12  3  0  1  34078.22  0 44
 602 11 12  1  0  1  54124.23  0 93
 603 12 16  2  0  1  70161.04  0 84
 604 12 12  5  1  1  38087.42  0 12
 605 12 12  2  1  1  60138.04  0 49
 606 16 14  3  1  1 150347.10  0 79
 607 12 12  2  1  1  48110.43  0 89
 608 12 12  4  1  0  12027.61  0 42
 609 12 12  3  1  1  66151.84  0 57
 610 12 14  2  1  1  50115.03  0 99
 611 16 20  1  1  1  60138.04  0 87
 612 12 15  5  1  1  40092.02  0 94
 613 12 12  0  1  1  36082.82  0 37
 614 14 20  2  1  0  29066.72  0 81
 615 14 20  2  1  0  29066.72  0 30
 616 16 16  1  1  1 100230.06  0 99
 617 16 20  2  1  1 150345.09  0 92
 618 16 20  2  1  1 150347.10  0 99
 619 16 16  2  1  1   3247.45  0 78
 620 12 11  0  1  0  44101.23  0 30
 621 12 12  2  1  1  44101.23  0 65
 622 10  8  4  1  1  30069.02  0 30
 623 12 10  2  1  1  56128.83  0 57
 624 12 16  5  1  1  55080.43  0 95
 625 12 16  5  0  1  50115.03  0 48
 626 12 16  5  0  1  50115.03  0 73
 627  9 12  2  0  1  40092.02  0 11
 628 12 10  4  0  1  55126.53  0 74
 629 12 12  3  0  0  54124.23  0 88
 630 12  8  1  0  0  32073.62  0 49
 631 12  8  4  0  0  32073.62  0 50
 632 12 20  2  0  1  50115.03  0 90
 633 17 17  2  0  1 150347.10  0 89
 634 17 17  2  1  1  40092.02  0 86
 635 12 11  2  1  1  32073.62  0 80
 636 11 10  6  1  0  13807.69  0 17
 637  8  8  1  1  1  38087.42  0 45
 638 12 12  2  1  1  54124.23  0 88
 639 10  8  0  1  0  13029.91  0 73
 640 16 11  2  1  0  26059.82  0 42
 641  5  8  6  1  1  50115.03  0 68
 642  5 12  2  1  1  48110.43  0 74
 643  5 12  2  1  1  44101.23  0 14
 644  8  7  0  1  0  24055.21  0 22
 645 12 12  2  1  0  14433.13  0 44
 646 12 16  3  1  1      0.00  0 33
 647 12 12  2  1  1  42096.63  0 15
 648 13 14  3  1  1  52119.63  0 16
 649 12 12  4  1  0   2605.98  0 42
 650 12 18  5  1  0  60138.04  0 50
 651 12 16  2  1  1  50115.03  0 58
 652 12 11  5  1  1  50115.03  0 32
 653 12 12  7  1  1 100230.06  0 42
 654 12 12  7  1  1 100230.06  0 68
 655 12 12  2  1  1  50115.03  0 77
 656 12 12  2  1  1 100230.06  0 94
 657 12 12  2  1  1 100230.06  0 76
 658 12 12  1  1  0  50115.03  0 59
 659 12 12  9  1  1  80184.05  0 72
 660 12 19  3  1  1  30069.02  0 79
 661 12 12  3  1  1  50115.03  0 83
 662 12 12  1  1  1  66151.84  0 41
 663  8 12  0  0  1  10023.01  0 51
 664 12 12  3  0  1  38087.42  0 89
 665 12 12  3  0  1  38087.42  0 89
 666 16 17  4  1  1  88202.45  0 38
 667 12 12  7  1  0  30069.02  0 42
 668 16 14  2  1  1  80184.05  0 65
 669 13 12  4  1  1   8018.40  0 74
 670 16 16  6  1  1 100230.06  0 89
 671  6  6  4  1  0   8018.40  0 19
 672 16 12  2  1  1  40092.02  0 90
 673 12  8  1  0  0  55126.53  0 16
 674 12 12  2  1  1  40092.02  0 17
 675 16 13  5  1  1  48110.43  0 79
 676 16 13  5  1  1  48110.43  0 45
 677 16 13  5  1  1  48110.43  0 42
 678 12 16  3  1  1  40092.02  0 81
 679 12 12  3  1  1  34078.22  0 20
 680 12 12  2  1  1  68156.44  0 28
 681 12 12  0  1  1  32073.62  0 48
 682 12  8  6  0  0  19470.69  0 45
 683 11  8  4  0  1  52119.63  0 72
 684 14 12  3  1  1  68156.44  0 71
 685  9 12  2  1  1  46105.83  0 30
 686 12 12  3  1  1  40092.02  0 30
 687 12 12  3  1  1  40092.02  0 35
 688 12 12  6  1  1  59737.12  0 27
 689 12 12  2  1  1  54124.23  0 98
 690 12 10  6  1  1  78179.45  0 56
 691 12 10  6  1  1  78179.45  0 37
 692 12 10  6  1  1  78179.45  0 39
 693 12 12  1  1  1  34435.04  0 87
 694  9  9  6  1  1  30670.40  0 73
 695 11  9  8  1  1  24055.21  0 77
 696  9 13  4  1  1  22451.53  0 93
 697 10  8  9  1  1  44101.23  0 19
 698 10  8  9  1  1  44101.23  0 19
 699 12 12  4  0  1  43467.77  0 73
 700 12 12  4  0  1  43467.77  0 20
 701  9  9  4  0  0  45215.79  0 12
 702 12 12  4  0  1  60138.04  0  2
 703 12 12  4  0  1  60138.04  0 20
 704 12 14  1  1  1  72165.64  0 83
 705 12 12  2  0  1  38087.42  0 98
 706 12 16  2  1  0  24778.88  0 46
 707 12 12  6  1  1  42096.63  0 77
 708 12 12  6  0  1  42096.63  0 56
 709 12 12  1  1  1  72165.64  0 55
 710 12  8  4  0  1  50115.03  0 81
 711 12 12  4  1  1  47108.13  0 27
 712 13 12  4  1  1  52119.63  0 73
 713 12  9  3  1  1  30169.25  0 89
 714 12 12  2  1  1  80184.05  0 85
 715 12 10  2  1  1  36082.82  0 49
 716 12  9  1  1  1  50315.49  0  3
 717 12 11  0  1  1  35080.52  0 96
 718  8  9  5  1  0   6007.79  0 30
 719  9 10  3  0  1  30469.94  0  3
 720  9 10  3  1  1  30469.94  0  2
 721 16 12  2  1  1  22050.61  0 37
 722  9 12  5  1  0  21048.31  0 30
 723 12  7  2  1  1  34078.22  0 43
 724  8  5  8  1  1  14569.44  0  6
 725  8  5  8  1  1  14569.44  0  2
 726  8  6  8  1  1  14569.44  0  3
 727 12 12  2  1  1   9521.86  0 87
 728 12 16  5  1  1  76174.85  0 83
 729 20 20  1  1  1      0.00  0 86
 730 14 14  2  1  0  56128.83  0 26
 731 12 10  4  1  1  38087.42  0 49
 732 12 12  7  1  1  70161.04  0 91
 733 11  9  4  0  1  50115.03  0 77
 734 16 11  3  0  1  64347.70  0 79
 735 11 10  0  0  0  27721.63  0 55
 736 11 14  2  1  1  26059.82  0 40
 737 12 12  1  1  0  20046.01  0 42
 738 12 19  2  1  1  62142.64  0 99
 739 12 10  1  1  1  34210.52  0 23
 740 12 11  1  1  1  58133.44  0 96
 741 12 12  2  1  1  40092.02  0 96
 742 11 12  0  1  1  48110.43  0 34
 743 12 12  3  1  0  14032.21  0 89
 744 12 12  3  1  0  14032.21  0 56
 745 12 12  3  1  0  14032.21  0 33
 746 12 12  2  0  1  50115.03  0 42
 747 12  8  2  1  1  68156.44  0 92
 748 12 10  1  0  0  42096.63  0 48
 749 12 13  2  1  1  37085.12  0 72
 750 15 14  3  1  1  70161.04  0 91
 751 15 17  1  1  1  54124.23  0 68
 752 12 12  2  0  0  30069.02  0 35
 753 18 18  1  1  1  80184.05  0 81
 754 16 18  2  1  1  80184.05  0 79
 755 12 17  6  1  1  50115.03  0 55
 756 12 18  3  1  1 100230.06  0 81
 757 11 12  3  1  0  42096.63  0 32
 758 12 12  3  1  1  46105.83  0 27
 759 12 12  2  1  1  60138.04  0 48
 760 12 12  3  1  0  28064.42  0 43
 761 12 12  3  1  0   7168.45  0 53
 762 15 13  2  1  1  25057.52  0 84
 763 12 10  3  1  1  92211.66  0 73
 764 12 12  2  1  1  24055.21  0 41
 765 14 19  1  1  0  28064.42  0 74
 766 12 13  2  1  1  60138.04  0 98
 767 12 13  2  1  1  64147.24  0 90
 768 16 14  4  1  0  36082.82  0 85
 769 14 18  4  1  1 110253.07  0 93
 770 12 14  2  1  0  17840.95  0 86
 771 12 16  2  1  1  50115.03  0 81
 772 18 12  2  1  1  40092.02  0 79
 773 18 15  2  1  1  84193.25  0 85
 774 16 15  2  1  1  84193.25  0 88
 775 12 16  2  1  1  70161.04  0 75
 776 12 16  2  1  1  70161.04  0 32
 777 13 12  2  1  1  46105.83  0 55
 778 12 17  4  1  1  62142.64  0 99
 779 12 17  4  1  1  62142.64  0 94
 780 14 17  2  1  1  56128.83  0 99
 781 14 16  1  1  1  70161.04  0 49
 782 17 14  1  1  1  86197.85  0 78
 783 12 16  4  1  1  80184.05  0 87
 784 12 12  0  1  1  80184.05  1 94
 785 15 16  3  1  1  88202.45  0 65
 786 12 12  1  1  0   4610.58  0 90
 787 16 16  1  1  1  50115.03  0 66
 788 13 20  4  1  1  60138.04  0 62
 789 12 12  1  1  1  40092.02  0 74
 790 16 16  1  1  1  37085.12  1 52
 791 12 11  4  1  1  50115.03  1 46
 792 12 10  2  1  1  49513.65  1 65
 793 12 16  0  1  1  14032.21  1 81
 794 14 14  2  1  1  50115.03  1 38
 795 12 14  1  1  1  10624.39  0 99
 796 16 17  2  1  1  48110.43  1 88
 797 12  8  0  1  1  40092.02  1 28
 798 12 10  4  1  1  27062.12  1 49
 799 12 11  3  1  1  20046.01  1 40
 800 10 12  4  1  1  24055.21  1 27
 801 10 12  4  0  0  24055.21  0 26
 802 12 12  2  1  1  70161.04  1 51
 803 10  9  3  1  0  28866.26  1 51
 804 16 12  3  1  1  29309.27  1 71
 805  6 12  2  1  0  44101.23  0 11
 806 15 18  2  1  0  16036.81  1  7
 807 16 16  1  1  1  60138.04  1 16
 808 11  4  4  1  0   1202.76  1 25
 809  9 12  2  1  1  54124.23  0  1
 810 12 12  2  0  0  15870.43  1 75
 811 12 12  5  0  1  28064.42  1 24
 812  9 12  3  1  1  16856.69  1 46
 813 10 12  7  1  1  12797.37  1  3
 814 13 17  2  1  1 150347.10  1 84
 815 12 14  1  0  1  60138.04  1 79
 816 12  9  3  1  1  19043.71  1 90
 817 12 12  2  1  1  82188.65  1 23
 818 12 12  2  1  1  82188.65  1 57
 819 12 12  1  1  1  48110.43  1 76
 820 10 12  7  1  1  13631.29  1 45
 821 10 12  7  1  1  13631.29  1  6
 822 12 12  4  1  0  15034.51  1 74
 823 12 12  2  1  1  24055.21  1 60
 824 12  7  1  0  1  24055.21  1 32
 825 12 12  2  1  1  56128.83  1  7
 826 12  8  2  0  0  34078.22  1 30
 827 10  8  5  0  1  66151.84  1 38
 828 12  7  4  0  0  14032.21  1  8
 829 11  8  0  0  1  40092.02  1 50
 830 12 12  3  0  0  16036.81  1 68
 831 12 16  3  1  1  32073.62  1 67
 832  6  6  4  1  1  32073.62  1 53
 833  6  6  4  0  1  32073.62  1  1
 834  8  6  3  1  1  70161.04  1 70
 835 11 12  3  1  0  25257.98  1  4
 836 11 10  1  1  1  30069.02  1 33
 837 12  9  2  0  1  60138.04  1 16
 838 12 13  1  1  0  50086.97  1  5
 839  9 10  3  1  0  41294.79  1  4
 840 13 12  1  0  0  60138.04  1 20
 841 14 14  1  0  1  56128.83  1 25
 842 12 12  0  1  1  30069.02  1 36
 843 16 14  1  1  0 150347.10  1 41
 844 12 13  5  1  1  54124.23  1 79
 845 16 13  2  1  1  70161.04  1 84
 846 12 12  2  0  1  46105.83  1 42
 847 12 15  0  0  1  34078.22  1 42
 848 11 10  1  1  1  36082.82  1 26
 849 12  7  3  1  1  50115.03  0 18
 850 14 12  3  1  1  40092.02  1 96
 851 12 12  3  1  1  40092.02  1 34
 852 14 12  3  1  1  70161.04  1 55
 853 12 12  5  1  1  36082.82  1 38
 854 16 14  2  1  1  72165.64  1 86
 855 16 14  2  1  1  72165.64  1 52
 856 12 10  0  1  1  11225.77  1 66
 857  6  5  6  1  0  16036.81  1 22
 858 11 10  4  0  0  26059.82  1 88
 859  9 12  3  1  0  34134.35  1 36
 860 12 20  3  1  1  40092.02  0 95
 861 12 18  4  1  1  66151.84  1 54
 862 12 12  5  1  0  28064.42  1 78
 863 12 12  3  1  0  28064.42  1 66
 864 12 14  2  1  1  20046.01  1 39
 865 12 16  1  1  1  60138.04  1 89
 866 15 17  1  1  1  60138.04  1 53
 867 12 12  4  1  0  28064.42  0 70
 868 12 11  1  1  1  48110.43  0  8
 869 14 11  6  1  1  28713.91  0 65
 870 12 10  6  1  0  28713.91  0 44
 871 11 11  2  1  1  46105.83  0 14
 872 12 10  1  1  1  46105.83  0  1
 873 10 16  2  1  1  24055.21  0 51
 874 16 15  2  1  1  36082.82  0 36
 875 16 16  2  1  1  36082.82  0 31
 876 13 12  1  1  0  30069.02  0 45
 877 14 12  4  1  0  11025.31  0  4
 878 12 12  0  1  1  13511.01  0 94
 879 17 12  1  1  1   8619.79  0 77
 880  8  7  3  1  0  28064.42  0 77
 881 12 12  2  1  1  74170.25  0 96
 882 12  8  2  0  1  46105.83  0 24
 883 16 17  3  1  1 100230.06  0 53
 884 13 12  3  1  1  40092.02  0 45
 885 16 16  3  1  1  70161.04  0 70
 886 12 12  3  1  1  60138.04  0 41
 887 12 14  3  1  1  60138.04  0 60
 888 12 12  3  1  1      0.00  0 39
 889 16  0  0  1  1  84193.25  0 92
 890 13  9  1  1  1  16036.81  0 39
 891  9 16  3  1  0  20046.01  0 93
 892  9 11  4  1  0  24055.21  0 83
 893 13 20  4  1  0  22050.61  0 13
 894 14 12  2  1  0  56128.83  0 19
 895 12 10  1  1  0  46105.83  0 70
 896 16 14  2  1  1  50115.03  0 10
 897 12 12  1  1  0  20046.01  0 32
 898 12 15  2  1  1  70161.04  0 59
 899 12 12  1  1  0  34880.06  0 65
 900 12 10  1  1  1  30069.02  0 28
 901  9 13  4  1  0  15034.51  0 54
 902 12 16  4  1  1  15034.51  0  2
 903 12 16  4  1  1  15034.51  0  2
 904 12 12  1  1  0  62142.64  0  6
 905 13 20  0  1  1  40092.02  0 78
 906 15 16  0  1  1  10023.01  0 91
 907 12 12  2  1  1  30069.02  0 23
 908 12 12  4  1  0   9814.53  0 44
 909 15 18  1  1  1  56128.83  0 69
 910 12 12  1  1  0  18041.41  0 18
 911 12 12  5  1  1  52119.63  0 40
 912 12  8  2  0  1  60138.04  0 75
 913 12 14  4  0  1  60138.04  0 35
 914 10 12  0  1  1  46105.83  0 40
 915 12 12  3  1  0  40092.02  0 77
 916 12 11 10  1  0   3207.36  0 79
 917 12 12  3  0  1  50115.03  0 80
 918  8 13 10  0  1  42096.63  0 49
 919 13  8  2  1  1  10103.19  0 74
 920 13 17  2  0  1  32073.62  0 79
 921 13 12  2  0  1  60138.04  0 40
 922 16 16  6  1  1  40092.02  0 76
 923 16 16  6  1  0  40092.02  0 18
 924 16 12  4  0  1  88202.45  0 28
 925 16 20  4  1  1   7056.20  0 97
 926 15 20  2  1  1   8018.40  0 94
 927 12 18  1  0  1  64147.24  0 43
 928 12 12  2  1  0  40092.02  0 78
 929 10 10  5  1  0  12027.61  0  7
 930 10 10  5  1  0  12027.61  0  1
 931  8  8  3  1  0  26059.82  0 66
 932 12 10  1  1  1  40092.02  0 12
 933 13 15  1  1  1  80184.05  0 41
 934 12 14  3  1  1 100230.06  0 62
 935 12 16  0  1  1  70161.04  0 45
 936 12 16  2  1  1  50115.03  0 44
 937 12 14  2  1  1   8018.40  0 25
 938 11 10  8  1  0  42898.47  0 38
 939 11 10  6  0  0  42898.47  0 86
 940 12 16  1  1  1 130299.08  0 82
 941 16 20  4  1  1  70161.04  0 70
 942 12 12  2  1  1  56128.83  0 72
 943 12 16  2  1  1  56128.83  0 17
 944 12 12  2  1  1   4009.20  0 89
 945  7 10  6  1  1  17239.57  0 30
 946 12 12  1  1  1  48110.43  0 63
 947 12 16  1  0  1  80184.05  0 67
 948 14 20  1  1  1 100230.06  0 89
 949 14 12  1  1  1  50115.03  0 75
 950 13 14  3  1  1  50115.03  0 70
 951 12 16  2  1  1  60138.04  0 52
 952 10 15  2  1  1  60138.04  0 81
 953 11 16  2  1  1  60138.04  0 67
 954 12 14  2  1  1  50115.03  0 42
 955 12 12  1  0  1  40092.02  0 90
 956 12 12  1  1  1  50115.03  0 36
 957 12 10  5  1  1  15359.25  0 19
 958 12 12  0  0  1  48110.43  0 35
 959  9  8  5  1  1  36082.82  0 12
 960  8  8  5  0  1   2505.75  0 18
 961 10 10  2  0  1  18769.08  0 11
 962 11  8  6  0  0  24055.21  0 49
 963 12 12  3  0  1  70161.04  0 43
 964 13 14  1  1  1  64147.24  0 99
 965 12 12  0  1  1  64147.24  0 57
 966 14 15  1  1  1  46105.83  0 85
 967 12 12  3  1  1  54124.23  0 42
 968 12 12  3  1  1  54124.23  0 47
 969 12 10  3  1  1  32073.62  0 41
 970  9  9  8  0  0  18031.39  0  6
 971 10  8  4  1  1  16036.81  0 18
 972  6  4  1  1  1  42096.63  0  4
 973 12 12  4  1  1  56128.83  0 68
 974 12 12  3  1  1  30069.02  0 79
 975 12  8  2  0  1  54124.23  0 82
 976 12  8  1  0  1  76174.85  0 68
 977 16 16  1  1  1  30069.02  0 49
 978  8  8  6  0  0  20046.01  0 87
 979 12 12  4  0  1  30069.02  0 90
 980 13 17  4  1  1  52119.63  0 73
 981 13 18  4  1  1  52119.63  0 82
 982 13 16  4  1  1  52119.63  0 82
 983 13 16  4  0  1  52119.63  0 74
 984  9 12  2  0  1  20046.01  0 85
 985 12 12  5  0  0  40092.02  0 43
 986 12 10  2  0  0  15234.97  0 78
 987 11 12  3  0  1  20046.01  0 38
 988 12 10  3  0  1  28064.42  0 11
 989 12 12  1  1  1  47709.51  0 80
 990 12 12  1  1  1  48110.43  0 81
 991 12 12  8  0  0  45103.53  0 87
 992 12 12  3  1  0  45103.53  0 19
 993 12 11  3  1  0   2205.06  0 88
 994 13 13  5  1  1  28064.42  0 50
 995  9  8  1  1  0   1764.05  0 37
 996 12 16  5  1  0  32073.62  0 67
 997 12 12  3  1  1  16804.57  0 71
 998 12 14  2  1  1  48110.43  0 65
 999 12 14  5  1  1  40092.02  0 90
1000 12 13  5  1  1  40092.02  0 49
1001 12 14  1  1  1  50115.03  1 90
1002 12 14  1  0  1  41415.06  1 26
1003 10 12  2  0  1  17640.49  1 66
1004 12 12  3  0  1  30069.02  1 72
1005 12 12  3  0  1  30069.02  1 42
1006 11 12  2  0  0  23588.14  1  1
1007  7  8  7  1  0  31432.15  1  3
1008  9 10  7  1  1  22910.59  1 13
1009  9  3  6  1  1  18009.34  1  2
1010  8 10  4  0  1  13029.91  1 14
1011 13 13  5  1  1 140322.09  1 54
1012 12  6  3  1  0  40092.02  1 12
1013  8  8  9  1  1  14433.13  1 17
1014 12 11  2  1  1  38087.42  1  7
1015 16 20  2  1  1 150347.10  1 74
1016 16 20  4  1  1  22050.61  1 96
1017 10 20  2  1  1 150347.10  1 51
1018 12 12  5  0  1  19889.65  1 27
1019 16 19  1  1  1  90207.06  1 80
1020 14 16  1  1  1  80184.05  1 89
1021 19 20  2  1  0  34078.22  1 99
1022 12 14  3  1  1  70161.04  1 74
1023 14 16  1  1  1 150347.10  1 99
1024 12 12  2  1  1  15034.51  0 53
1025  7 10  2  1  0  28064.42  1 25
1026 10  8  5  1  1  13631.29  1  3
1027 12 12  2  1  0  14032.21  1 23
1028 10 14  1  1  1  46105.83  1 67
1029 12 12  1  1  1  46105.83  1 35
1030 16 16  1  1  0  40092.02  1 49
1031 12 11  6  1  1  26370.53  1 22
1032 12 12  2  1  1  42096.63  1 24
1033 12 12  1  1  1  24055.21  0 89
1034 16 16  1  0  1  16237.27  0 57
1035 12  9  8  0  1  40092.02  0  9
1036 10  8  4  1  0  37772.70  0 36
1037 10  8  4  1  0  37772.70  0 16
1038 10  8  2  0  1  15034.51  0 54
1039 12 12  1  0  1   5011.50  0 59
1040 15 14  3  1  1  46105.83  0 44
1041 12 12  5  1  1  31071.32  0 45
1042 12 16  2  0  0  68557.36  0 47
1043 12 14  2  1  1  74170.25  0 15
1044 16 16  0  1  0  35080.52  0 88
1045 13 12  3  0  1  50115.03  0 62
1046 14 12  3  0  1  50115.03  0 37
1047 12 14  2  1  1  38087.42  0 64
1048 11 12  7  0  0  24055.21  0  9
1049 12 12  5  1  0  24055.21  0 20
1050 12 12  1  0  0  19685.18  0 76
1051 12 12  6  0  1  19378.48  0 38
1052 14 14  1  1  1  36082.82  0 67
1053 12 12  4  0  1  38873.23  0 18
1054 12 12  4  0  1  38873.23  0 60
1055  9 12  3  0  1  56128.83  0 62
1056 12  7  3  0  1  17640.49  0 10
1057 12 12  1  1  1  56128.83  0 85
1058 12 12  3  1  0  51091.27  0 90
1059 12 12  6  0  1  46105.83  0 27
1060 14 12  2  0  1  50115.03  0 12
1061 10 12  3  1  1  30069.02  0 14
1062 14 14  2  1  1  40092.02  0 63
1063 16 14  2  0  1  30069.02  0 65
1064 16 16  2  1  1  30069.02  0 80
1065 18 20  3  1  1  60138.04  0 20
1066 16 16  3  1  1  60138.04  0 33
1067 12 16  4  1  0  48110.43  0 36
1068 12 12  4  1  0  48110.43  0 18
1069 12 13  3  0  1  26059.82  0  6
1070 10  8  5  0  1  16036.81  0 11
1071 12 10  5  1  1  30069.02  0 32
1072 11 10  6  0  1  12428.53  0 19
1073 13 13  4  0  1  16036.81  0 37
1074 12 14  3  0  1  14733.82  0 13
1075 10 14  2  0  1      0.00  0 36
1076 10 11  6  0  0  40092.02  0 16
1077 16 14  4  1  0  38087.42  0 81
1078 12 12  4  0  0  22050.61  0 83
1079 16 14  2  0  1  29066.72  0 98
1080  9  8  3  0  1  19043.71  0 10
1081 12  9  5  0  0  24055.21  0  7
1082 12 12  4  1  1  30469.94  0 20
1083 19 16  2  0  1  60138.04  0 60
1084 12 14  3  1  1  80184.05  0 50
1085 12 12  3  0  1  60138.04  0 58
1086 12 12  3  0  1  50115.03  0 11
1087 12 12  3  1  1  76174.85  0 57
1088  8  9  2  1  1  24055.21  0 49
1089  7  7  2  1  1  24055.21  0 17
1090 12 12  1  1  1  20446.93  0 59
1091 11 12  3  1  1  40092.02  0 69
1092 11 12  3  1  1  40092.02  0 22
1093 11 12  3  1  1  40092.02  0 19
1094 11 12  3  1  1  40092.02  0 14
1095 14  9  3  1  1  40092.02  0 80
1096 12 12  3  0  1  80184.05  0 67
1097 11  9  4  1  1  10880.98  0  5
1098 12 12  4  1  1  45504.45  0 92
1099  9  9  3  0  1  36082.82  0 51
1100  8 12  8  0  1  56128.83  0 54
1101  8 12  8  0  1  56128.83  0 63
1102 12 13  3  0  1  45985.55  0 77
1103 12 12  2  0  1  30069.02  0 58
1104 12 12  2  0  1  30069.02  0 50
1105  8  8  3  0  1  16036.81  0 70
1106 12 12  3  0  1  70161.04  0 94
1107 12 18  6  1  1  40092.02  0 27
1108 17  8  1  0  1   7597.44  0 67
1109 12 10  1  0  1  20046.01  0 16
1110 16  8  0  0  1  30069.02  0 73
1111 15 14  5  0  1  16036.81  0 98
1112 15 14  5  0  1  16036.81  0 85
1113 15 14  5  0  1  16036.81  0 48
1114 12 12  3  0  1  28064.42  0 89
1115  8 11  4  1  1  11346.04  0  1
1116  8  8  3  0  1  12819.42  0 71
1117 12 12  2  0  1  25057.52  0 70
1118 14 16  4  0  1  34078.22  0 95
1119 14 16  4  0  1  34078.22  0 87
1120 13 14  2  1  1  40092.02  1 30
1121  6 12  4  1  1   8018.40  1  2
1122  7  4  3  0  1  16036.81  1  8
1123  8  9  4  1  1  40092.02  1  5
1124  7  7  3  0  1  38087.42  1 33
1125  5  0  3  1  1  20046.01  1 12
1126  7  4  7  1  1  18522.52  1  1
1127  7  7  4  1  1  16036.81  1 22
1128  9  8  5  1  1   6755.51  1  2
1129  5  6 10  1  1  10560.24  1 42
1130 12 12  1  1  1  69158.74  1 23
1131 12 12  1  1  1  69158.74  1 49
1132 12  5  2  0  1  46845.53  1 42
1133 12  6  2  0  1  46845.53  1 46
1134 12 16  1  0  1  36082.82  1 36
1135 12 16  1  1  1   5011.50  1 49
1136 12 10  2  0  1  13029.91  1 74
1137 12  9  1  0  1  30069.02  1 47
1138 12  4  5  0  1   7216.56  1 94
1139 11  8  4  1  1  21048.31  1 33
1140  8 10  5  1  0  25057.52  1  1
1141 12  6  2  1  1  18241.87  1 70
1142  8  9  9  0  1  38087.42  1  3
1143 12 12  1  0  1  50558.05  1 33
1144 12  8  2  0  1  24055.21  1 79
1145  6 11  3  1  1  20847.85  1  4
1146  6  3  3  0  1  10560.24  1  1
1147 12 12  4  0  1  15635.89  1 85
1148 10 12  3  0  1  44101.23  1 54
1149 10 12  3  0  1  44101.23  1 23
1150 12  6  0  0  1  12027.61  1 16
1151 12  9  1  0  1  72165.64  1 35
1152 12 18  2  1  1  80184.05  1 60
1153 12 16  2  1  1  38087.42  1 30
1154 14 14  1  1  1   6053.90  1 65
1155  8  5  2  0  1  14032.21  1 13
1156  7  6  2  0  1   6013.80  1  8
1157  9 10  3  0  1  26059.82  1  1
1158 11  7  4  0  1  36980.88  1 22
1159  9  8  1  0  1  18041.41  1  1
1160 12 11  2  1  1  40092.02  1 36
1161 11 12  3  1  1  60138.04  1 49
1162 12 18  2  1  1  34078.22  1 37
1163 12 12  2  1  0  18041.41  1 49
1164 15 12  4  1  1  50115.03  1 83
1165 12 14  2  0  1  16036.81  1 77
1166 17 10  2  1  1  90207.06  0 82
1167 12 12  3  1  1 106243.87  0 67
1168 12 11  1  1  1  22050.61  0 38
1169  9  6  2  0  0  35327.09  1 36
1170 12 14  3  1  0  18442.33  1 77
1171  8 11  6  1  0  40092.02  0 45
1172 12  6  1  1  1   7517.25  0 88
1173 12 12  3  0  0  11460.31  0 38
1174 12 12  2  0  1  10023.01  0 36
1175 12 10  2  1  1  10023.01  1 25
1176 14  9  4  1  1  12027.61  0 21
1177 11  6  6  1  1  15720.08  1  4
1178  8  1  7  1  1   5717.12  1 49
1179 12 12  1  1  1  44061.13  1 12
1180 11  6  8  0  1  16237.27  1  6
1181 10  8  2  0  0    641.47  1  4
1182  8 11  2  0  1   3006.90  1 13
1183 12 12  1  1  1  34078.22  1 12
1184  9 12  1  1  0  11025.31  1 43
1185 11 12  3  1  0   6214.26  1  3
1186 11  5  2  0  1  26059.82  1  8
1187  8  8  2  0  1  21950.38  1 22
1188  9 11  2  0  0   8447.39  1 14
1189  7  7  7  1  1   6274.40  1  2
1190 14 12  0  1  0   9972.89  1 98
1191 12 14  1  1  1   2806.44  1 68
1192 12 14  0  1  0   2846.53  1 87
1193 14  9  3  0  1  12893.60  1 14
1194  7  4  6  0  0  16036.81  0 18
1195  6  5  7  0  1  21096.42  0  8
1196 13  4  6  1  0  16582.06  0  1
1197 13  4  4  1  0  16582.06  0 20
1198 10  6  2  0  1  20015.94  0  5
1199 10  6  2  0  1  20015.94  0  6
1200  9 10  2  1  1  11225.77  0  8
1201  6  1  5  0  0  18185.74  0 18
1202  6  1  5  1  0  18185.74  1 19
1203 10 12  3  1  0  50115.03  0 73
1204 11 10  7  1  0  19196.06  0 32
1205 12  9  7  1  0  19196.06  0 34
1206  9 11  3  1  0  13831.75  0 86
1207  8 12  1  1  0  15595.80  0 96
1208  3  4  3  1  1  31071.32  0  4
1209  5  5  1  1  1  48110.43  0 21
1210  9 12  3  1  0  14433.13  0 81
1211  8  8  1  1  1  14032.21  0 94
1212 12 12  3  1  1  10127.25  0 43
1213 11 10  3  1  1   6615.18  0 35
1214 11 14  2  1  0  80184.05  0 14
1215 10  8  5  1  1  16606.12  0 24
1216  8  8  5  1  1  16606.12  0 17
1217 13 13  4  0  1  14433.13  0 27
1218 14 16  2  1  1  12823.43  0 72
1219 12 12  3  1  0  10407.89  0 82
1220  8 12  4  1  0  20046.01  0 83
1221 12 12  4  1  1  16036.81  0 49
1222 12 13  4  1  1  16036.81  0 46
1223  9  8  7  1  0  31546.41  0  5
1224  8  6  7  1  1  30069.02  0 45
1225 12  9  2  0  1  18041.41  0 31
1226 12 10  5  0  1  24055.21  0 16
1227  3  2  5  0  1  19785.41  0 72
1228 10 16  3  1  0  12017.58  0 22
1229 12 12  5  1  0   6595.14  0 26
1230  8  8  8  1  1  43098.93  0 38
1231  8  8  8  1  1  43098.93  0 66
1232 12 15  2  1  1  80184.05  0 49
1233  9  3  4  1  0  13621.27  0  1
1234  8  5  4  1  1   6785.58  0  3
1235 12 12  1  1  1   7817.94  0 31
1236 14 17  4  1  1   1603.68  0 91
1237  9  8  8  0  1  12929.68  0 11
1238 12  6  7  0  1  10858.92  0 47
1239 12  6  7  0  1  10858.92  0  3
1240 12 10  4  0  0  17840.95  0  4
1241 12 10  3  1  0  10031.02  0 38
1242 12 11  3  1  0  10031.02  0 41
1243 12 11  2  1  0  10031.02  0 21
1244 12 14  4  1  1  18041.41  0 21
1245 13  9  3  1  1  31071.32  0 84
1246  8  8  4  1  0  12228.07  1 31
1247 12 13  3  1  1   4009.20  1 40
1248 15 12  1  1  0    601.38  1 79
1249 11  8  3  0  1  12027.61  1 93
1250 16 20  4  1  1  10223.47  1 78
1251 16 19  3  1  1   9181.07  1 82
1252 12  9  6  1  0  12027.61  1 41
1253 17 20  3  1  0   6835.69  1 94
1254 11 12  1  1  1   2605.98  1 45
1255 16 16  1  1  1   5913.57  1 98
1256 12  6  2  1  1  10323.70  0 77
1257  9 16 10  1  1  12027.61  0 44
1258 12 12  2  1  0   5011.50  0 30
1259 12 12  3  1  1  12027.61  0 68
1260  7  5  4  1  1  12027.61  0 21
1261 14  9  5  1  1  18041.41  0 33
1262 14  9  6  1  1  18041.41  0 35
1263  9 12  4  0  0  21649.69  0  1
1264 13 17  7  1  1  22050.61  0 47
1265 12 10  2  1  1  50115.03  0 37
1266 12 16  3  1  1  14834.05  0 91
1267 14 14  2  1  0  11025.31  0 94
1268  9  9  7  1  1   5913.57  0 19
1269 14 13  2  1  0   7016.10  0 90
1270  9 12  4  1  0  27583.31  0 66
1271 12 11  3  1  0   8202.83  0 33
1272 12 12  1  1  1  70161.04  0 52
1273 10 12  1  1  0   6013.80  1 71
1274  2  8 11  0  0   8900.43  1  2
1275  7  9  8  0  0   7396.98  1  6
1276 11 14  4  0  0  20046.01  1 45
1277  8 12  3  1  0  36082.82  1 40
1278 10  3  2  1  0   6214.26  1 28
1279  9  9  3  1  1  21100.43  1 22
1280 12 11  2  0  1  27062.12  1 36
1281  8  8  4  0  1  22050.61  1  5
1282 12 11  2  0  1  26059.82  1 75
1283 12 11  2  0  1  26059.82  1 78
1284 11  9  5  1  1  19492.74  1 72
1285 12  8  5  1  1  19492.74  1 44
1286 12  6  4  1  0   1423.27  0 11
1287  9 11  3  1  0   5677.03  1 46
1288 12  7  3  0  1  12027.61  1  3
1289  8  8  2  1  0  20046.01  0 25
1290 12  5  2  1  1  40092.02  1 20
1291 12  5  2  1  1  40092.02  1 13
1292 12  5  2  1  1  40092.02  1  5
1293 12  9  3  0  1  16036.81  1 22
1294  8  5  6  0  1   4009.20  1  1
1295  9  6  7  0  1   4009.20  1  3
1296  8  6  1  0  1  42096.63  1 28
1297  7  6  1  0  1      0.00  1 97
1298 12 10  1  0  1  10023.01  1 22
1299 13 13  2  1  1  26059.82  0 43
1300 12  0  3  1  0  34479.14  1 38
1301 10 12  2  1  1  17440.03  0 65
1302 18  6  4  0  0   4009.20  0 48
1303 12 11  9  1  1  52921.47  0 15
1304 12  8  9  1  1  52921.47  0  5
1305 11  8  4  0  1   6350.58  0 21
1306 11 10 10  0  0  28064.42  0 28
1307  6  7  2  1  0   5965.69  0  5
1308 16 20  8  1  1   5392.38  0 87
1309  7  8  4  1  1  23036.88  0  5
1310 12 11  1  1  0  12484.66  0 99
1311 11 11  4  1  1   8218.87  0 25
1312 11 11  4  1  0   8218.87  0  4
1313 12 12  7  1  1  18542.56  0 66
1314  8 11  4  1  1   6158.13  0 38
1315 12 12  4  1  1   8018.40  0 12
1316 12 14  4  0  1   8018.40  0 59
1317 12 12  4  1  0   7016.10  0 46
1318 12  8  2  1  1  12027.61  0 85
1319 12  2  2  1  1  12027.61  0  7
1320 11 12  4  1  1  10071.12  1  2
1321 11 12  4  1  1  10071.12  1  8
1322 12 12  3  1  1  16036.81  1 12
1323 12 14  2  1  1  12027.61  1 80
1324 12  8  1  1  1  13029.91  1 12
1325 11  8  5  1  1   2405.52  1 11
1326 11 10  3  0  0   8980.61  1  1
1327 10  8 14  0  1  11626.69  1 20
1328  6 12  3  0  1  15635.89  1  1
1329  6  6  5  0  1   7216.56  1  4
1330  5  8 10  0  1  12027.61  1  2
1331 10  5  5  1  1  13230.37  1  9
1332  8  7  5  1  1  14032.21  0 52
1333 12  8  6  1  1  16467.80  0 99
1334 12  8  6  0  1  40310.53  0 38
1335 12  8  6  0  1  40310.53  0 30
1336  8 12 10  1  1  11195.70  0 65
1337  3  8  7  0  1  19390.51  0 23
1338 12 10  6  1  0  14032.21  0 79
1339 12 10  6  1  0  14032.21  0 46
1340 12 11  5  1  0  14032.21  0 57
1341 10  6  4  1  1  14591.49  0 32
1342 10  7  4  1  1  14591.49  0 16
1343  9 12  5  1  1  11376.11  0  5
1344  8  8  2  1  0  21168.59  0 65
1345 16 10  1  1  1  16036.81  0 27
1346  9 12  3  1  0  54124.23  0 22
1347  2  1  8  1  1  25257.98  0  6
1348  6  6  5  1  1   3006.90  0  8
1349 16 16  1  1  1   2455.64  0 74
1350 12 12  6  1  1   3247.45  1 10
1351 11 16  2  1  0  14320.87  0 20
1352 10 10  2  1  0  13330.60  0 21
1353 10 10  2  1  0  13330.60  0 56
1354 11  8  9  1  1  11129.55  0  1
1355 11 10  5  1  0  11129.55  0  1
1356 10 11  5  1  1  12027.61  0  8
1357  5  4  8  1  0  10744.66  0 15
1358  9  4 10  1  1  14605.52  0 66
1359 12 10  5  1  0  18041.41  0 64
1360 12 11  5  1  0  18041.41  0  8
1361  8  5  3  1  1  14032.21  0  6
1362  8  5  3  1  1  14032.21  0  7
1363 12  8  6  1  1  17039.11  0 21
1364 10 10  5  1  1  18041.41  0 83
1365 11 12  5  0  0   4009.20  0  9
1366  9 10  6  1  1  11779.04  0 13
1367  9  9  6  1  1  11779.04  0  6
1368  8 15  3  1  0  21024.26  0 99
1369 12 12  5  1  0   6815.64  0 55
1370 12 16  1  1  1   3419.85  0 81
1371 12 14  0  1  1  13673.38  0 93
1372  8  8  3  0  1  15499.58  0 10
1373  6 12  7  1  0  14609.53  0  8
1374  6 12  7  1  0  14609.53  0 18
1375 11  8  3  0  1  19570.92  1 42
1376 12  9 10  1  0   2656.10  1 19
1377 12 12  2  1  1   8018.40  1 38
1378 12  9  2  1  1  98225.46  1 37
1379 12  8  2  1  1   7016.10  1 20
1380 12 12  2  1  1   7016.10  1 16
1381 11  6  2  1  1  23052.91  0 68
1382 12 20  1  0  0  10524.16  1 99
1383 14 20  3  1  1   5011.50  1 98
1384 14 16  1  1  1   6226.29  1 53
1385  7  6  7  1  0  30069.02  0 20
1386 16  8 10  0  1   5011.50  0 82
1387 13  6  7  0  0   6976.01  0 41
1388 14 12  1  1  0  18041.41  0 85
1389 10  2  9  1  0   8820.25  0  4
1390  9 12  4  1  1   5412.42  1 25
1391  4  1  4  0  1  16838.65  0  5
1392  9  9  8  1  1  20046.01  1  5
1393 14 12  3  1  1  12027.61  1 55
1394  9  9  3  1  1  16036.81  1 25
1395 12  8  2  1  1   6875.78  1 17
1396  6  4  7  1  1  14537.37  1  3
1397 14 15  3  1  1  12027.61  1 31
1398 10 11  3  1  0  40092.02  1 91
1399 11 12  2  1  0   2934.74  1 27
1400 12 12  2  1  1  36163.01  1 62
1401 12 12  8  1  0  17039.11  0 28
1402  8 12  3  0  1  10307.66  0  6
1403  6 10  3  0  0   2605.98  0 16
1404  6  6  4  1  1   8399.28  0 50
1405 12  8  3  1  1  15034.51  0  1
1406  6  7  5  1  1  12624.98  0  1
1407 12 10  6  1  1  32073.62  0 58
1408 10 12  5  0  1   6615.18  0 94
1409 12 12  3  1  1   6414.72  0 91
1410 12  8  2  1  1   7216.56  0 98
1411 10  8  4  1  1  18121.60  0 22
1412  8  5  7  1  1  15627.87  0 14
1413 12 10  3  1  0  16982.98  1 20
1414 13 12  3  1  0  18041.41  0 46
1415 12 12  3  1  0  14633.59  0 15
1416 11  8  5  1  0  14769.90  0 13
1417  8  2  8  1  1   8178.77  0 42
1418  0  0  6  1  1   6422.74  0 30
1419  9  9  1  1  0  14032.21  0 36
1420  6  7  2  1  1  17039.11  0 75
1421 11  8  2  0  1  24945.26  0 73
1422 10 10  7  1  1  16036.81  0 11
1423 11 12  2  1  0  20046.01  0 78
1424 12 13  1  1  1   7517.25  1 79
1425 12 18  0  1  1   7579.40  1 81
1426 12 11  3  1  1  14088.34  0 16
1427 11 12  3  1  0  12027.61  0 12
1428 12  9 10  0  1  13230.37  0  6
1429 13  9 10  0  1  13230.37  0 27
1430 12 12  7  1  1   6033.85  0 35
1431 14 16  3  1  0   6715.41  0 88
1432 12  9  2  1  1  11025.31  0 56
1433 12 16  3  1  1  11338.02  0 49
1434 12 11  7  1  1  11225.77  0 90
1435 12 12  2  0  1  12228.07  1 53
1436 11 12  4  1  1   5612.88  1 76
1437 15 12  3  0  1  12087.75  0 73
1438  8 10  4  1  0   7617.48  0 66
1439 12 12  2  1  1  13823.73  0 39
1440  8  5  5  1  1  17981.27  0 84
1441 12 12  5  1  0   4670.72  0  9
1442 10 12  2  1  1  12949.72  0 68
1443 10 12  5  1  1   5833.39  0 74
1444 11 11  1  1  1   9020.71  1 49
1445 14 14  2  1  1  11025.31  0 75
1446 11 11  4  1  1  17039.11  0 63
1447 13 12  1  0  0  24073.26  0 79
1448  8  8  2  0  1  13029.91  0 32
1449 12 16  6  1  0  17640.49  0 91
1450 12 10  3  1  1  14032.21  0 38
1451 16 20  7  1  1  17840.95  1 67
1452 12 10  4  1  1  12027.61  0 43
1453 12  9  0  1  1  15034.51  1 85
1454 12 12 10  1  1   3608.28  0 36
1455 12 12  1  1  1   8018.40  0 46
1456 14 12  1  1  1  24151.44  1 40
1457 12  9  5  1  1  10023.01  0 41
1458 12 14  1  1  1  10023.01  1 28
1459 12 18  2  1  1  11265.86  1 64
1460 12 12  2  1  1  11927.38  0 56
1461 12 10  3  1  1  18041.41  0 46
1462 11  8  7  0  1   9481.76  0 32
1463  8 11  6  1  1  44101.23  0 42
1464 10 12  2  0  1  11025.31  0 41
1465 12 12  3  1  1  12228.07  0 25
1466 12 14  2  1  1   9622.09  0 86
1467  8 12  8  0  1  12649.03  0 58
1468 12 16  2  1  1  13711.47  0 88
1469 12 13  1  1  1  10925.08  1 47
1470 16 12  4  1  0  11406.18  0 43
1471 16 12  3  0  1  18502.47  0 83
1472 10 16  3  0  0  12428.53  1 53
1473 12 16  1  1  1  27062.12  0 58
1474 12 12  3  0  1  10027.02  1 40
1475 12 12  3  0  1  10123.24  0 44
1476 12 20  3  1  1  11927.38  0 87
1477 11  8  2  1  1  11626.69  0 13
1478 10  7  8  1  0  11947.42  0 21
1479 12 12  3  0  0  11576.57  0 29
1480 12 12  3  1  1  18041.41  1 30
1481 10 10  1  1  0  11225.77  0 68
1482 14 20  6  0  1  17560.31  0 69
1483 12 12  3  0  1  13029.91  1 34
1484  8  6  3  1  1  23854.75  1 86
1485 12 12  3  0  1   8058.50  1 60
1486 12 12  3  0  1  11025.31  0 54
1487 11 12  7  1  1  10023.01  0 31
1488 10 11  2  1  1  30870.86  1  7
1489 11  8 12  1  1   3923.00  1 36
1490 12 10  3  1  1   6847.72  0 56
1491 12 12  2  0  1  12228.07  0 84
1492 12 12  6  1  0   8479.46  0 57
1493 10 12  3  1  0  11646.73  0 77
1494 12 11  3  1  1   9922.78  0 54
1495 10 14  8  1  1  34880.06  0 84
1496 12  8  6  0  1  13270.46  0 63
1497 12 12  7  1  1  11025.31  0 28
1498 12  9  4  1  1  10023.01  0 38
1499  8  6  3  1  1  27352.78  0 68
1500 18 20  2  1  1   9662.18  0 99
1501 11  5  9  1  0  12989.82  0 20
1502 12 15  5  0  0  12929.68  1 40
1503 17 12  4  1  1  12037.63  0 77
1504  9 12  2  1  1  10323.70  0 79
1505 14 16  7  1  0  20446.93  0 69
1506 16 12  4  1  0  19043.71  0 42
1507 14 12  6  0  1  10023.01  0 82
1508 12 12  1  1  0   5221.99  0 53
1509 12 16  2  1  1  12027.61  0 34
1510 12 12  2  1  1   6013.80  1 34
1511 12 12  5  1  1   7016.10  0 83
1512 10  8  6  0  1   7593.43  0 73
1513 12 16  3  1  1   7916.17  1 85
1514 12 13  4  1  1   8128.66  0 40
1515  8  8  4  1  1  12047.65  0 72
1516 12 12  6  1  1  11626.69  0 90
1517 13 12  2  1  1  12127.84  0 96
1518 12 10  5  0  1   8018.40  0 79
1519 16 12  2  1  1  10023.01  0 71
1520 10 16  3  0  1  17239.57  0 79
1521 12 10  4  1  0  12228.07  1 26
1522 12  6  5  0  1  12829.45  0 72
1523 10 12  2  1  1  11486.37  0 85
1524 12 12  4  1  1  13230.37  0 32
1525 12 16  4  1  1  10343.74  0 41
1526 12 16  6  1  0  10263.56  1 87
1527 12 10  4  0  1  11025.31  0 71
1528 16 12  3  1  1   8018.40  0 35
1529 12 12  1  1  1  18522.52  0 42
1530 12  7  1  0  1  34679.60  1 74
1531 10  6  7  1  0  19204.08  1 20
1532 12 12  7  1  1   6414.72  0 91
1533  8 12  2  1  1   6114.03  0 81
1534 12  8  1  1  1  26324.42  1 53
1535  8  6  4  0  1  19494.75  1 49
1536 12 12  1  1  0   8018.40  0 74
1537 16 12  2  0  1  14533.36  0 38
1538 12 12  2  1  1  10874.96  0 70
1539 15 14  1  1  1  23854.75  0 99
1540 12 12  2  1  1  26661.20  0 53
1541 12 12  2  1  1   7645.55  0 85
1542 10 10  4  1  1  12027.61  0 39
1543 12 12  2  1  1  10624.39  1 98
1544 16 20  2  1  1   7216.56  1 64
1545 16 10  2  1  1  19645.09  0 76
1546 16 16  1  0  1  10824.85  0 52
1547 12 11  9  1  1  14072.30  0 30
1548 12 12  3  1  1  10023.01  0 44
1549 12 12  3  1  1   5813.34  1 38
1550 12  8  5  1  1  13029.91  0 49
1551  9  9  4  1  1  10664.48  0 23
1552 10 12  2  1  1  10023.01  1 73
1553 12 13  1  1  1  17039.11  1 43
1554 12 12  2  0  1  11205.72  0 57
1555  6 12  5  1  0  10023.01  0 38
1556 12 12  3  0  1  12027.61  0 64
1557 16 12  3  1  1  12027.61  0 64
1558 12 18  3  0  1  11105.49  0 89
1559 16 14  1  1  0  11091.46  1 71
1560 12 11  4  1  1  12027.61  0 96
1561 12  6  1  1  1  10524.16  0 75
1562  8  9  3  1  1  12027.61  1 42
1563 12 12  3  1  1  11426.23  1 46
1564 12 12  1  1  1  11626.69  0 73
1565 12 10  2  1  1   9822.55  1 79
1566 12 11  1  1  1  16036.81  1 65
1567 12 12  9  1  1  10451.99  0 42
1568 12 16  2  0  1  10023.01  0 62
1569 12 12  2  0  1  13029.91  0 84
1570 12 12  3  1  1 150345.09  1 44
1571 11 10  3  1  1  12027.61  0 40
1572  0  0  2  1  1  30129.16  0  5
1573 12 12  1  1  1  48110.43  0 73
1574 10 12  3  1  1  40092.02  0 21
1575 14 16  5  1  1 120276.07  0 71
1576 10 10  1  1  1   1002.30  0 42
1577 12  8  2  0  1  36082.82  0 32
1578 12  8  2  0  1  36082.82  0 53
1579 10  6  4  1  1  15034.51  0  9
1580 12 12  1  0  1  34278.68  0 31
1581 12 12  1  1  1  40092.02  0 66
1582 14 18  3  0  1  60138.04  0 48
1583 12 17  3  0  1  60138.04  0 28
1584 12 16  2  0  1  50115.03  1 73
1585 12 16  3  1  1  44101.23  0 71
1586 12 12  2  1  1  36082.82  0 68
1587 12 13  2  1  1  30069.02  1 28
1588 15 14  2  1  1  40092.02  0 53
1589 10 14  2  1  0  32073.62  0 83
1590 12 13  3  1  1  34605.43  0 83
1591 14 14  0  1  1  45143.62  0 70
1592 12 12  6  0  1  50115.03  0 85
1593 12 12  6  0  1  50115.03  0 83
1594  8 10  1  1  0  14032.21  0 24
1595 12 10  3  1  1  24055.21  0 22
1596  8  6  5  0  1  14032.21  1 30
1597 16 17  3  1  1  70161.04  0 50
1598 12 12  3  1  1  32073.62  0 37
1599 15 13  1  1  1  44101.23  0 91
1600 12 12  1  1  0  70161.04  0 67
1601  9  1  7  1  0  30069.02  0 46
1602 14 12  1  1  1  30069.02  0 55
1603 12 12  0  0  1  54124.23  0  5
1604 12 14  0  1  1  60138.04  1 73
1605 12 16  1  1  1   4009.20  0 45
1606 12 20  1  1  1  40092.02  0 64
1607 12 14  2  0  1  60338.50  0 55
1608 11 11  3  1  1  30069.02  1 63
1609  9  8  1  0  1  10023.01  1 57
1610  9 12  1  0  1  10023.01  1 19
1611 12 12  2  1  1  34078.22  1 16
1612  9  8  4  1  0  14032.21  1  1
1613 12  9  0  1  1  60138.04  1 58
1614 16 14  2  1  0  34078.22  1 72
1615 16 19  1  1  1 100230.06  0 97
1616 12 12  2  1  1  32073.62  0 37
1617 12 12  1  1  1  40092.02  0 40
1618 16 16  2  1  1  13009.86  0 74
1619  9  8  3  0  0  10023.01  0  8
1620 13 14  3  1  1  34078.22  0 88
1621 13 14  3  1  1  34078.22  0 55
1622 12 11  5  1  1  21994.48  0 42
1623 12 12  2  0  1  59336.20  1 40
1624 13 14  3  0  1  22050.61  0 80
1625 13 16  3  0  1  30069.02  0 58
1626 12 12  3  0  1  33877.76  0 30
1627 12 12  2  1  1  34078.22  0 17
1628 12 12  4  0  1  70161.04  0 59
1629 16 14  1  1  1  52119.63  1 71
1630  8  9  5  1  1  26059.82  1 17
1631 12 10  2  1  1  16036.81  1 32
1632 12 12  2  1  1  40092.02  1 17
1633 10  8  6  0  1  12027.61  1 12
1634  6  6  6  0  1  22050.61  0 30
1635 12 12  1  0  1  42096.63  1 57
1636 12 12  8  1  0  24055.21  0 42
1637  6  0  6  1  1  17840.95  0 62
1638 12 12  3  1  0   6013.80  0 17
1639  6 20  3  1  0   6013.80  0  4
1640 10 10  2  0  0  15234.97  1 68
1641 10  8  9  1  1  10023.01  0 14
1642 14 11  2  0  1  30069.02  0 72
1643 12 12  1  1  0  14032.21  1 16
1644 12 12  4  0  1  40092.02  1 28
1645  8  7  3  0  1   8018.40  1 26
1646  7 10  5  1  0   8018.40  1 25
1647  8  8  6  0  0   7745.78  0  4
1648  8 10  3  0  1   3720.54  0 83
1649 13 12  2  0  1  23339.57  0 86
1650 13 13  9  0  1  63946.78  0 38
1651  6  2  1  1  1   9622.09  0 75
1652  6  2  1  1  1   9622.09  0 73
1653 12 12  0  1  0  14433.13  0 54
1654 13 17  2  1  1  20046.01  1 63
1655 11 11  2  1  1  16036.81  1 16
1656 10 10  2  1  0  16036.81  1  2
1657  8  3 11  0  0  15034.51  1  3
1658  6  8  3  0  1  10023.01  1  1
1659 10 12  1  1  1  32971.68  1 16
1660 12 12  1  1  1  12027.61  1 28
1661 10 12  3  1  1  42096.63  1 38
1662  7 12  3  1  1  42096.63  1 17
1663  7 12  3  1  1  42096.63  1  6
1664  9  8  2  0  1  56128.83  1 83
1665  8  9  1  0  1  16618.14  0 43
1666 13 12 13  1  1  22050.61  0 32
1667 11 10  2  1  1  12388.44  0  2
1668 11 10  2  1  1  11807.10  0 40
1669  9 11  3  1  0  20046.01  1 12
1670  6 12  4  1  0  10039.04  1 26
1671  8  8  3  0  1  11426.23  1 26
1672 12  9  3  1  1  12027.61  1 45
1673 12  9  3  0  1  12027.61  1 37
1674  8  9  2  0  1  16036.81  1  6
1675  9 10  3  0  1  18041.41  1 27
1676 12 12  2  0  1  36082.82  0 50
1677  6  7  4  1  1  17550.28  0  2
1678  6  3  3  1  0  10391.85  1  2
1679  3  3  2  1  1  30069.02  0 62
1680  0  8  3  1  0   4426.16  0 16
1681 12 10  5  0  1  12428.53  0 28
1682  9 11  7  0  0   6615.18  0 35
1683 12 11  2  0  1  26059.82  0 33
1684 12 11  2  0  1  26059.82  0 86
1685  8  8 11  1  1  16064.87  0 12
1686 11 12  7  1  0  16036.81  0 16
1687 12 12  1  1  1  20046.01  0 42
1688 12 13  5  0  1  30069.02  0 12
1689 10  6  2  0  0   1643.77  1 20
1690 13 12  1  0  1  50115.03  0 46
1691 12 16  2  1  1   4610.58  0 87
1692  7  8  5  1  1  18945.49  1 42
1693  8  3 11  0  1   6013.80  1 29
1694  6  3 11  0  1   6013.80  1  5
1695  8 12  6  1  0  16036.81  1 64
1696  9  9  4  0  1  10023.01  1 24
1697 12 18  4  1  0  10824.85  1 25
1698 12 12  1  1  1  10147.29  0 82
1699  8  8  2  1  1  12027.61  0 69
1700 16 12  3  1  1  10824.85  0 68
1701 12 10  1  0  1  13581.17  0 86
1702 12 13  1  1  1  14032.21  1 19
1703  8  8 10  0  1  16036.81  0 32
1704 12 12  1  0  1  18041.41  1 30
1705 12  8  0  0  0  10624.39  0 80
1706 11  8  8  1  1  11025.31  0 29
1707 11 11  1  0  0  12027.61  0 23
1708 12  8  3  1  1  12829.45  0 94
1709 12 16  3  1  1   3808.74  0 83
1710  9  8  3  1  1  12428.53  0 69
